% Model:              K-Totem.mph
% Version:            COMSOL 6.4.0.293
% Date:               Jun 1 2026, 19:49
% Dimension:          2
% Nodes:              737
% Elements:           1304
% Expressions:        1
% Description:        Pressure
% Length unit:        m
% Coordinates
2.375111844389332;0.75
2.3551661959838626;0.75
2.3706700252966604;0.7374210074139643
2.3551661959838626;0.730263157894737
2.386608885050734;0.736496304022507
2.395057492794802;0.75
2.3551661959838626;0.7105263157894738
2.3750165072280773;0.7184822467887458
2.3551661959838626;0.6907894736842105
2.371625543007138;0.69927564382474
2.3963102595234353;0.7210725823650312
2.415003141200272;0.75
2.4059544585572197;0.7324020305094215
2.4349487896057416;0.75
2.4250736172501437;0.7318586492769507
2.44236472078474;0.7356972205359494
2.454894438011211;0.75
2.3551661959838626;0.6513157894736843
2.3716636740757004;0.659598273324796
2.3551661959838626;0.6710526315789473
2.377769486817417;0.6789463511414171
2.393987317442814;0.699496594180261
2.413937171380349;0.7139147106367214
2.474840086416681;0.75
2.4833638064462984;0.7335442957585842
2.494785734822151;0.75
2.4624984397593597;0.7279814940921118
2.4396046662377175;0.7120454907519981
2.368228506954127;0.06769199167097675
2.3551661959838626;0.07894736842105264
2.3551661959838626;0.0592105263157895
2.3551661959838626;0.039473684210526355
2.373391308969338;0.05147665028384639
2.375111844389332;0
2.3693952747270477;0.019748539754523002
2.3551661959838626;0
2.3551661959838626;0.019736842105263146
2.376706313287767;0.035901235686209086
2.395057492794802;0
2.389967543113383;0.02086281799698853
2.502492866804161;0.7275216817701696
2.5147313832276206;0.75
2.52339378614458;0.7333849380444607
2.5346770316330907;0.75
2.3551661959838626;0.611842105263158
2.3713532497781347;0.620263727869992
2.3551661959838626;0.6315789473684211
2.377624821458766;0.6392197129288476
2.396264071654348;0.6569707225862128
2.403817571720388;0.6775459266268573
2.421932689275404;0.6898089903938955
2.3551661959838626;0.5723684210526316
2.3717545823616524;0.5809189065418155
2.3551661959838626;0.5921052631578948
2.37738093355277;0.6000720513974901
2.3688940257290216;0.5011156337160622
2.3551661959838626;0.5131578947368421
2.3551661959838626;0.493421052631579
2.4811022505799123;0.7110706956223568
2.4581361573706686;0.7033552365826689
2.4437645284258944;0.688364398382421
2.4072727334522477;0.014813731253459467
2.415003141200272;0
2.434948789605742;0
2.42753981189237;0.01892413581493969
2.4464753959052303;0.012824692180762228
2.454894438011212;0
2.3736207182871327;0.08427741502718865
2.3551661959838626;0.09868421052631582
2.3731442935906286;0.10752926068595181
2.3551661959838626;0.118421052631579
2.387375846551778;0.0670415517300755
2.3924689944092683;0.04412326291182674
2.409288358200626;0.03356366789013326
2.3551661959838626;0.19736842105263164
2.37214984502449;0.20649775548912463
2.3551661959838626;0.2171052631578948
2.5546226800385603;0.75
2.5630729264329517;0.733284011507467
2.5745683284440304;0.75
2.5423901754537495;0.727651530716113
2.501751892451652;0.7005252630023662
2.521570081717805;0.709444103540059
2.395078512935274;0.6173246140427512
2.4033710655321405;0.636043723125748
2.4314487692119315;0.6564628263687109
2.3551661959838626;0.5526315789473685
2.377562298168156;0.5604390311681076
2.3551661959838626;0.5328947368421054
2.3713527952657913;0.5411478005686384
2.3933541364871407;0.578825720186146
2.4029183234236546;0.5982396905164068
2.372133986985585;0.4834575082480511
2.3551661959838626;0.4736842105263158
2.376812250447689;0.5203650669976243
2.3893023656961674;0.49796071666649666
2.3551661959838626;0.45394736842105265
2.3760368544713226;0.46318476673140485
2.3551661959838626;0.43421052631578955
2.372340643187513;0.44360546355679975
2.4746679240038225;0.6735262052838111
2.3705225324030623;0.30632415958447573
2.3551661959838626;0.31578947368421056
2.3551661959838626;0.2960526315789474
2.3551661959838626;0.2763157894736843
2.3765639137672316;0.28763534028595655
2.3551661959838626;0.25657894736842113
2.3551661959838626;0.23684210526315796
2.371914802320871;0.24776457063537813
2.376771680241744;0.266386149015555
2.5822377081203074;0.7274218298000353
2.5945139768495;0.75
2.6030971529765656;0.7332002026124331
2.6144596252549697;0.75
2.6344052736604398;0.75
2.643241874583866;0.7334291608622976
2.6543509220659094;0.75
2.622410029081743;0.7273273989586928
2.662342561027881;0.7272699747164767
2.674296570471379;0.75
3.2578870870600483;0.737189924376978
3.270747137554955;0.75
3.2519716607166735;0.75
2.3792503835590906;0.2262994043164564
2.3551661959838626;0.15789473684210534
2.37126128884908;0.1660394862969349
2.3551661959838626;0.1776315789473685
2.378060188508129;0.1851845773270836
2.3551661959838626;0.13815789473684217
2.376347002877417;0.14522214619096382
2.3694416272723497;0.12575356161603019
2.3913852047565554;0.1228071067291874
2.4748400864166817;0
2.4634928177319604;0.01715938326089036
2.4947857348221514;0
2.483699141448815;0.02055382494338217
2.4294494702810208;0.039125994794818424
2.447792967989814;0.031176602374684205
2.4012838863244843;0.09355766233221594
2.415378183663476;0.0611725065299
2.393686559555888;0.1631766422980831
2.401556462741721;0.14242125438015413
2.423103193172577;0.12274546255884208
2.3968333247277678;0.20360447205348445
2.683255215731369;0.7334956153292815
2.694242218876849;0.75
2.3551661959838626;0.4144736842105264
2.3785966218440233;0.42224571255614946
2.370800394648362;0.40266898048241306
2.3551661959838626;0.3947368421052633
2.368502502682387;0.3612610788870241
2.3551661959838626;0.3750000000000001
2.3551661959838626;0.3552631578947369
2.3763411858659174;0.3819276088421051
2.3756220687432927;0.32407907159913835
2.3551661959838626;0.33552631578947373
2.371239618292355;0.34461348040643797
2.561065607825949;0.7091743327194074
2.540683511255499;0.7009302236625993
2.5184023264028625;0.6768139863365183
2.426231956661076;0.616331642091879
2.462719378309766;0.6362509723639211
2.40257296658688;0.5585663095556878
2.393714512101519;0.5385843391166382
2.425996655217216;0.5773479305095212
2.3929434209471765;0.4738163338584039
2.405961102548208;0.5137241756903197
2.406802409279287;0.4898046538153899
2.3976147620371457;0.44526440855452687
2.4979109169019944;0.6347398029418111
2.3927840987945475;0.30681476632273724
2.3980327912564317;0.27971510793245274
2.3986418684962274;0.24982710978337877
2.580871031593419;0.7011458125782687
2.600972063812541;0.709839502844113
2.6410003341977784;0.7098979791491609
2.6208370575280524;0.7020043791948342
2.7023112872502972;0.7275119663825426
2.7141878672823188;0.75
2.680966882849935;0.7109744105821498
2.6603915658317443;0.7015579519471455
3.242834479016592;0.7350854140091553
3.2326948345836906;0.75
3.255473489869631;0.7218641561583892
3.270747137554955;0.7309355471680633
3.270747137554955;0.7112874153403875
2.406995494955697;0.22324409241111615
2.4037421908639116;0.18237086414343887
2.467844925461262;0.03783886037319073
2.5147313832276215;0
2.5051277631249746;0.02118092414966961
2.523934022848076;0.01572586210714252
2.534677031633091;0
2.493579484479124;0.04084250530278647
2.449230803420471;0.05979922797374896
2.4356101998098674;0.08926415991954521
2.478000512702665;0.056498597258609964
2.4511147392080503;0.11359488033208066
2.574568328444031;0
2.5654469997956237;0.016952590193319603
2.5546226800385607;0
2.61445962525497;0
2.605787204676533;0.016686440848812233
2.5945139768495005;0
2.5867711469414782;0.022991873687049146
2.4257383109453836;0.16014194420467345
2.447897505888344;0.13667876797533987
2.428990600696823;0.19911723797909364
2.7229370999015936;0.7335163612003545
2.7341335156877884;0.75
2.7939704609041986;0.75
2.802618254238885;0.7332777259408902
2.8139161093096683;0.75
2.754079164093259;0.75
2.762659110986993;0.7335977844841151
2.7740248124987286;0.75
2.7422314373459074;0.727542138301021
2.7819626970151417;0.7274797648042274
2.833861757715138;0.75
2.842553973237452;0.7335053258995863
2.853807406120608;0.75
2.822010911732599;0.7275954494235092
2.4041554635145923;0.4179377769615917
2.393627471142636;0.3983218816058618
2.391388307356092;0.35723821373435105
2.401969107780038;0.37700625244627234
2.3958347125910153;0.3348613336776348
2.5594899645769518;0.6769677633402105
2.53798180440172;0.6375981055191574
2.473007698522733;0.5952892542222669
2.5190703772080765;0.6008460824484164
2.4266906469255245;0.5372751920269278
2.460671965827979;0.5539228468859541
2.421015905551951;0.462402391314692
2.433803414559496;0.49715770368522566
2.428951479930308;0.4296306464083472
2.414315499416325;0.3214954031433613
2.416494155546797;0.29806346986756616
2.432618167119388;0.2727121705084039
2.432875221106739;0.23807022323837837
2.5996460320076213;0.6773871694773855
2.639899879990573;0.6781872981514178
2.720747379042455;0.71005745144989
2.7005378648167566;0.7016856621138094
2.6786893663642406;0.678609100630178
3.202262293951683;0.7358082531887621
3.2128290758319618;0.75
3.192883429013595;0.75
3.2223922123906035;0.7317103655496445
3.2349199618520275;0.7134956169343855
3.270747137554955;0.6915058332060078
3.252496204849589;0.7012925596809793
3.253535266647007;0.6802913323310465
3.270747137554955;0.6717242186306323
3.2577125837424084;0.6631478906055448
3.1729377806081254;0.75
3.184280861605683;0.7288781673630941
3.1529921322026553;0.75
3.1642700369071455;0.7302245893618728
3.1330464837971856;0.75
3.141271406778177;0.7284904013905803
3.1131008353917156;0.75
3.12210593278137;0.7289178439869635
3.1035720963164835;0.7347080099147802
3.093155186986246;0.75
3.0732095385807763;0.75
3.084519604157208;0.7285443937754759
3.053263890175306;0.75
3.063088677810441;0.7276261140923798
3.270747137554955;0.6519426040552566
2.501600327327711;0.06835334992228093
2.5222663562619143;0.04288439941683115
2.545619936325672;0.02330727238566135
2.473393619280431;0.08878140072534951
2.4791381016561327;0.12813381911201402
2.5676833763995055;0.04016334695215621
2.63440527366044;0
2.626456406234577;0.022653932740435957
2.645894102814664;0.016727719351458007
2.608319562433196;0.03921798146698988
2.5889101434641315;0.048659280065361125
2.4682075462366435;0.17050269583159886
2.4702252219465026;0.218172864409858
2.65435092206591;0
3.0433204018946918;0.7332546094823156
3.0333182417698366;0.75
2.9136443513370174;0.75
2.922290759899314;0.7333262421057944
2.9335899997424875;0.75
2.8737530545260777;0.75
2.882356513170689;0.7334293398653794
2.8936987029315473;0.75
2.9016921756735443;0.7274933633407612
2.861912442605798;0.7276100545466243
2.8404896326196383;0.7103158234610137
2.800652686804563;0.710690965452529
2.8205386882108288;0.7020947218289817
2.7603140094204037;0.7098617735681833
2.740366660973779;0.7016535474523982
2.7800128886301914;0.7020674160095841
2.9535356481479567;0.75
2.9621625096406343;0.7333191645447187
2.973481296553427;0.75
2.941547422856476;0.7274600381911627
2.993426944958897;0.75
3.002507362097254;0.7331362204912906
3.013372593364367;0.75
3.0222460332198455;0.7264795083371874
2.9814706661504307;0.7271571139848996
2.425094112791482;0.39135608753659723
2.425974805513033;0.3513533893332375
2.4563306051740894;0.40885405769617755
2.5799491171843245;0.6375036925458427
2.5538235448873543;0.6107760067088376
2.5476586459480814;0.5793203643072048
2.509851950824372;0.5519810794269706
2.46981603264991;0.5132988740379062
2.4705960682284127;0.4572680853935914
2.4508887282191454;0.31319589531478986
2.4697639506904183;0.2650780111278119
2.6201675254437835;0.6370046982555169
2.6572497361938714;0.6483117539543305
2.718506202400731;0.6776015000071195
2.6954868439193205;0.6342487144657953
3.2041348052997427;0.7090917878773811
3.230614100861145;0.6896676791739226
3.209969624047968;0.6764679887430477
3.237402110726673;0.6653187491296347
3.04451656732469;0.7064809392178466
3.250293404788835;0.644340255041997
3.270747137554955;0.6321609894798812
3.2564483128408;0.6231430752135789
3.174528129923444;0.7066348305666303
3.1529041291669984;0.7143286639210625
3.1853136168650376;0.6822344340003854
3.1317016401242124;0.7062007661865959
3.1038652645918217;0.7092435308840233
3.074950149390502;0.7060261212511202
3.270747137554955;0.6123793749045058
2.6942422188768496;0
2.685826364935588;0.016637055266477997
2.6742965704713795;0
2.6665308575905127;0.022537169672547985
2.509676301987133;0.10260519138389061
2.535971136888245;0.07374804701636668
2.548237520401675;0.0502629259636152
2.51459625148861;0.1504267655169404
2.549989148659295;0.11197425098846833
2.5728989334106176;0.07216219895195022
2.6482819537810545;0.03947541610082658
2.6287163176838146;0.04805409279690875
2.6115520100734915;0.07136059100248449
2.5170365813952187;0.19661308593004678
2.5120144743992228;0.24851856133087294
2.714187867282319;0
2.706314571578223;0.022378032010690677
2.9201211184691154;0.7103758707903527
2.8801638689201248;0.7103340628342121
2.8993957002650457;0.7018904878123599
2.8598607164192282;0.7022238398959307
2.838603472754114;0.6786311916378398
2.7989740963963063;0.6783717363661994
2.7590125742763303;0.6775954702896095
2.9598855660299144;0.710097930524326
2.9396648543348385;0.7018748930691145
3.000144663739349;0.7098482104058658
3.019921156504814;0.7000884376502396
2.9792667271793287;0.7017318520821993
2.469536845724518;0.365616019573919
2.4895876637988232;0.41043756655989155
2.5926492534523624;0.5885474608759677
2.5665032618277164;0.5370395380187183
2.5303176428683956;0.49073865213649054
2.520528810064201;0.43668211186930894
2.5835801310576856;0.49543157809858
2.5118851978679637;0.3091632669103131
2.6553192609083207;0.5999198107504817
2.736555739034864;0.6341341220484126
2.715468691896315;0.5883021565247033
3.221992462424776;0.6479997397261694
3.196784906184876;0.655578129934101
3.0338182761267865;0.674531860725951
3.059907357226362;0.6843551539344961
3.2318153256291375;0.6266576030672051
3.2486979192283463;0.6050489312694772
3.270747137554955;0.5925977603291303
3.1524443351201525;0.6827806848392882
3.1738211516165236;0.6608844027284277
3.1182414824632323;0.6767729633940314
3.0879898393212883;0.6747127082556839
3.2225421671811256;0.6082094429208731
3.2541826903100324;0.5835911782986324
3.270747137554955;0.5728161457537545
2.725559404439274;0.016441350181993167
2.7341335156877897;0
2.6882650572988624;0.03918813284386344
2.66893064539985;0.04800708775314615
2.565662805464755;0.16741717920340832
2.592982889358613;0.11593810826549138
2.6512696978121766;0.07204695823541046
2.6309493190400115;0.10571935319322762
2.552906197014161;0.2718701549101833
2.5600953436871015;0.22607371558253567
2.7540791640932594;0
2.7462566244590736;0.022335625559056292
2.765491231085019;0.016481066844084583
2.774024812498729;0
2.7279559220827174;0.03899442207510762
2.7086919789992696;0.04805244387821059
2.917472993003336;0.6773998645667828
2.877821374253461;0.6787483394319176
2.8533682370960483;0.6493817325125434
2.819310623315642;0.6429431692597048
2.7776820700835767;0.6362488382005128
2.9576848080081777;0.6783350948437268
2.997009222009064;0.6774326162205381
2.759493083540809;0.5886141132460336
2.5351632439748895;0.37888227334872104
2.6261737413141923;0.5302474872107931
2.57534510267151;0.43864438413618784
2.619249890027007;0.4755421074466834
2.576863156009462;0.3206000692523739
2.685607748728853;0.5349848909040553
2.7388780295548263;0.5363906979672858
3.018337368975807;0.6469648192925896
3.204718142265405;0.6230362772235605
3.177715925945776;0.638297190065315
3.059944261912164;0.6442817193678955
3.2575606159621437;0.4850170645149781
3.270747137554955;0.4739080728768769
3.270747137554955;0.49368968745225245
3.2320872487496173;0.5859295990930699
3.2471211425499686;0.5640183754275985
3.270747137554955;0.5530345311783791
3.2552525107701427;0.541742345020459
3.270747137554955;0.5332529166030034
3.270747137554955;0.5134713020276281
3.250841309849855;0.5228247358483776
3.2537646434770324;0.5019408198768597
3.1454335715579043;0.6424517126872323
3.1037891741773724;0.6412614986293871
3.2214908617561333;0.5659628147395795
3.198798076741523;0.590731378163404
3.0750088026546596;0.5957917409668874
2.6016312070098535;0.20656359791043424
2.6912351460151585;0.07132576144601822
2.6295891591058154;0.15484063281544916
2.672427162515594;0.11838130528955428
2.6089880876979334;0.26171030724163863
2.748083405250944;0.047093142465709135
2.7677987576155068;0.03863707627349331
2.793970460904199;0
2.7863377413761063;0.022332081032342552
2.805414340771584;0.016619129240345518
2.8139161093096687;0
2.7300270168200207;0.07088005794898745
2.9360015619750697;0.6429117847847389
2.891256281576244;0.6324107452668709
2.8474081367818447;0.6066762434787136
2.802335859608621;0.5948796112999105
2.976269356544153;0.6298127508081294
2.785374518268338;0.5438514313340745
2.6074657448563867;0.37706720865431076
2.6667510251446607;0.48325447430619817
2.641999748808571;0.4265737549058642
2.642888747115473;0.31764149670776937
2.7218345567994735;0.48196760187753956
2.766157190105274;0.489490779587122
2.6763016995018827;0.26591181410422476
3.0275469275089657;0.5956588065972241
3.2563326247858604;0.4447238662619949
3.270747137554955;0.43434484372612575
3.270747137554955;0.45412645830150133
3.1678654863042723;0.6086969645430277
3.2497145107770473;0.46640572026405436
3.2397239378603153;0.48728541138926845
3.229394567728225;0.5388786846462966
3.2319677994372418;0.5110400899653769
3.1255724238190545;0.5927259615214433
3.0902270718788762;0.561407828131621
3.196215691029985;0.551548776691795
3.160776401912264;0.5661779795499382
3.2197898128673743;0.49539817348576387
3.0540457979182407;0.5556692992249064
2.649401206800698;0.21587995472169397
2.7148561026331275;0.10151234210703684
2.6842370824039823;0.17421094340016618
2.694588396362007;0.22233047669615624
2.7194885524509247;0.14291799996916257
2.7708746060983698;0.07166000103028244
2.7882287600706057;0.047842752647959876
2.845852459061742;0.015373613244724483
2.833861757715138;0
2.853807406120608;0
2.8076422708307507;0.038603039098606594
2.8267591732566815;0.02254040804489062
2.873753054526078;0
2.867962438470077;0.02043895355062472
2.748554193536678;0.10797422513119616
2.9332830679886888;0.5953392161220007
2.882300355135364;0.5748284603872852
2.8297474646075194;0.5561058002257044
2.9717346337033823;0.56730609102867
2.8167289279266274;0.5025696132563928
2.675951723539875;0.3689345638958263
2.700957159939902;0.4247897013264844
2.704952974150438;0.31353322840928777
2.756840524389404;0.43734609575630606
2.7978070936837356;0.461428476902478
2.788594361400355;0.10562140779961413
2.7363815638716975;0.25534622537902985
3.0074860050420016;0.5373529424638253
3.2486552806342464;0.426498975303869
3.270747137554955;0.4145632291507503
3.2311063857232405;0.44795493974572725
3.221468125981121;0.47171240050969515
3.2059182157920696;0.5158565373272885
3.123424367621548;0.5403055620884301
3.0799932340603067;0.5264749231263631
3.1606273161561282;0.5158469853230013
3.1934587887449117;0.4859476182675436
2.8858861553528605;0.012791093781824203
2.893698702931548;0
2.902857687964525;0.01600122062479549
2.913644351337018;0
3.2560558279533325;0.40482545301346007
3.270747137554955;0.3947816145753747
3.0442964053768615;0.5187108543658973
2.734622989224332;0.1923460336677788
2.7622430783136047;0.14792799609077664
2.812402523554311;0.07248894531636682
2.8497411075315595;0.03745042117842469
2.82867918595823;0.04803693615604255
2.889578405921265;0.03273230605103701
2.8735166368422984;0.0422212755482937
2.824314636268813;0.10221204344483095
2.9178537702371474;0.5305954263413631
2.8667836861992027;0.5122073048972873
2.959512381035983;0.5078738863296849
2.8442396962507845;0.45502214758408627
2.7491628060509306;0.3702684187317173
2.7596340970626745;0.30540809877079167
2.810275052604419;0.4020270506158121
2.8100518396821217;0.14533482651277402
2.7893688948238657;0.20567913920255224
2.793265161998356;0.27168627331681616
3.0608655512820553;0.49174017761247263
3.0154107816954405;0.48350459075087454
3.2321088350287135;0.4083302114583843
3.200320757478048;0.44767733008105903
3.2239816325440676;0.42831801179042955
3.1085386999000897;0.47913125489097297
3.1557317002623537;0.4632626209984607
2.9335899997424875;0
2.922851664474893;0.01970370394740857
2.9086781335499263;0.038839775405259756
3.2487277357087008;0.3869701940610908
3.270747137554955;0.37499999999999917
3.2242916195535853;0.3887826197777445
3.2324614580563384;0.36887853059535686
3.2560518574870407;0.36533847015430265
3.270747137554955;0.3552183854246236
2.856659801956534;0.07431065690648674
2.891716985241641;0.05917631351592403
2.854245392777834;0.12295652255573189
2.969018648151036;0.4589729011624887
2.90889214519671;0.4637758671794568
2.8781682122939145;0.4102737272488363
2.807851371147811;0.33171567468502755
2.856268545502151;0.3607342147711002
2.8368810265108286;0.28102230108319765
2.8445658024345306;0.17389148101679988
2.8349639388105814;0.23427545087435686
3.0590026390086895;0.45126811544756534
3.0068272412075094;0.4325690040631264
2.9535356481479575;0
2.943887298482822;0.02110660282778601
2.9624555978657092;0.016011410303902632
2.973481296553427;0
2.933009949231124;0.0418430744265714
3.248782955722451;0.34763981490612533
3.270747137554955;0.33543677084924806
3.2561802068320436;0.3256627297701123
3.270747137554955;0.3156551562738726
3.2487626659219355;0.30779199885042957
3.270747137554955;0.295873541698497
3.166129552023309;0.42839696415910766
3.2005009877831463;0.40931939847069565
3.114620618798222;0.4301616313457956
2.916123802959983;0.05832636630250441
3.200627536966418;0.37011233778812463
3.224739820559417;0.3493596464688021
2.9046753400868823;0.09807453144364575
2.8830553877010843;0.14874931433031122
2.9504818436595275;0.4039682368088386
2.912364745564494;0.3551027975359358
2.8678518231868635;0.31386847672382995
2.8807467133110114;0.2566242886797835
2.8881438112214317;0.19542449390605915
3.0615151878735394;0.4083296742640411
3.0110398905151365;0.3887545031816163
3.1542946535215592;0.3885968234436227
2.9406533648312636;0.07138760518224771
2.9603404604828816;0.042996009563855866
2.993426944958897;0
2.9840056568957603;0.023572997923620467
3.0037315745881865;0.017110132137675288
3.013372593364367;0
3.2553379499162927;0.28661061243793934
2.9495150875218203;0.09877606669310855
3.270747137554955;0.27609192712312147
3.2339343357468637;0.32946722740822065
3.2338817603015855;0.2905944164534067
3.226019369167155;0.3100705615373591
3.1693616202601977;0.3480710010808495
3.202150309873303;0.33115863578907584
3.1027324459232335;0.386171496998038
2.9334992576039416;0.15461872390480025
2.984326168110438;0.3380862870714549
2.9336668308648837;0.2844209997629823
2.9266669192767396;0.21638496990140052
3.0572756810723725;0.34910447014901747
3.1217893111341057;0.3417168263114151
2.971678496049555;0.07533280035231636
2.9858888499537795;0.05105191708970659
3.005672944783218;0.04134006207247472
3.0333182417698366;0
3.0251204337793975;0.023281050598155925
3.0442492960032292;0.016637713060485355
3.053263890175306;0
3.2477432934511405;0.26817885946139297
3.270747137554955;0.25631031254774594
2.98365829853174;0.11970716892349656
3.255153129258935;0.24569074591131362
3.270747137554955;0.23652869797237036
3.223642020721661;0.27467481484613954
3.2064235490952533;0.2969132698346547
3.1591874459714777;0.3045128586629829
3.04152879472491;0.29801961094323665
2.972346243386617;0.18100212001028676
3.0010723558189283;0.27070728532540184
2.9728866014008526;0.22864411417158917
3.1014668450721845;0.2955979131110626
3.008637064543771;0.07317558014498753
3.02645227435598;0.048356437793529744
3.046707832932413;0.039675163263327005
3.0732095385807763;0
3.065369761886336;0.022678834262720396
3.22753413803648;0.24458240704974732
3.270747137554955;0.21674708339699486
3.2494834635128154;0.22646057098297837
3.25274848875403;0.20631218190655787
3.028250013743136;0.10564590464241852
3.024601392215404;0.15290253384389899
3.084622915462692;0.016502242972271236
3.1915886004275005;0.26368622903754524
3.1499871548471625;0.26351258352690454
3.0558196854572444;0.2531508199387155
3.270747137554955;0.1969654688216193
3.257995091762253;0.18850316459334507
3.093155186986246;0
3.025969418609399;0.21016434581783686
3.1164699395408126;0.23934061327781378
3.0474716878745878;0.07237883132559718
3.0670997530385296;0.047616572841506076
3.0871389562889675;0.03818067315157924
3.2044829499713154;0.22853842611363234
3.2283848670160142;0.21643473355164233
3.2344486722865957;0.19247873214982253
3.065173623078316;0.11806704497474907
3.062909374833317;0.16604978295938128
3.0833595260234157;0.2033815747999864
3.16551804775742;0.2223544145353448
3.105429448847925;0.022380864240031204
3.249724391644822;0.1696835709508872
3.270747137554955;0.17718385424624375
3.1131008353917156;0
3.12499597974055;0.01588987280653121
3.1285478013431027;0.19977768921314928
3.0875231377146237;0.07094305666442771
3.10727225517774;0.047571579530749517
3.1077186293541628;0.10383949845104867
3.2024082640354883;0.19556121054687908
3.224867477440238;0.17294510910837166
3.112643144535363;0.15317492961169538
3.1594768674555165;0.17843142145584595
3.127897820804854;0.039256036858448556
3.2316906350984893;0.15196015682672923
3.2560362647683374;0.14823762811382374
3.270747137554955;0.1574022396708682
3.1330464837971856;0
3.147125794111411;0.020837698258194332
3.127523446621905;0.07219662365252727
3.145115990739568;0.1101953362491925
3.198441601370062;0.15419660698470483
3.164347075145102;0.14178885660735194
3.153618213927634;0.048562720873972516
3.221069010461111;0.1323336883974468
3.2483925277924626;0.12971196874453422
3.270747137554955;0.13762062509549264
3.1529921322026557;0
3.166070367759435;0.01342526732874884
3.1692864518568507;0.034910669776143724
3.1661564433333464;0.08006210701845365
3.1941756110350283;0.11258086765041707
3.179814856893908;0.056045548049034846
3.228026718572736;0.11156591394557545
3.254708079214798;0.10863661484710138
3.270747137554955;0.11783901052011705
3.1729377806081254;0
3.183205374346523;0.016455842801237953
3.192940797621552;0.03486034648365273
3.199436870561327;0.07727445473436927
3.2201742152161095;0.09043944309031758
3.2064887024531976;0.05440685520316065
3.247157167390802;0.08898848562662563
3.270747137554955;0.09805739594474153
3.192883429013595;0
3.2034033259078796;0.01676888789994076
3.2143922660211306;0.03403567192687587
3.228329042156204;0.06867316445348232
3.2256530567097426;0.046398222038019826
3.2537970813445956;0.0680269221798609
3.270747137554955;0.07827578136936596
3.212829075831965;0
3.2234082669642103;0.016076299952737013
3.2344848974980764;0.03110717805068204
3.24803419520464;0.04930833553233123
3.270747137554955;0.05849416679399046
3.23269483458369;0
3.2421649796129195;0.014784355692492968
3.2554548101041267;0.02700925268616535
3.270747137554955;0.03871258465961288
3.2519716607166735;0
3.257903119110316;0.012685125811379509
3.270747137554955;0.01906445283193675
3.270747137554955;0
% Elements (triangles)
1;2;3
4;3;2
3;5;1
5;6;1
7;8;4
3;4;8
3;8;5
9;10;7
10;8;7
5;8;11
12;6;13
5;13;6
11;13;5
14;12;15
13;15;12
16;17;14
16;14;15
18;19;20
20;21;9
19;21;20
10;9;21
10;21;22
10;22;8
11;8;22
13;23;15
11;23;13
11;22;23
24;25;26
17;27;24
16;27;17
25;24;27
16;15;28
16;28;27
15;23;28
29;30;31
31;32;33
29;31;33
34;35;36
37;36;35
37;35;32
33;32;38
38;32;35
39;40;34
35;34;40
38;35;40
26;41;42
25;41;26
42;43;44
43;42;41
45;46;47
47;48;18
46;48;47
19;18;48
19;48;49
19;49;21
50;22;21
50;21;49
50;51;22
23;51;28
23;22;51
52;53;54
54;55;45
53;55;54
46;45;55
56;57;58
25;27;59
25;59;41
60;59;27
60;27;28
60;28;61
61;28;51
62;40;39
62;39;63
64;65;63
62;63;65
66;64;67
66;65;64
30;68;69
29;68;30
69;70;71
70;69;68
29;33;72
29;72;68
38;73;33
38;40;73
33;73;72
62;65;74
62;74;40
74;73;40
75;76;77
78;79;80
44;81;78
43;81;44
79;78;81
59;82;41
43;41;83
43;83;81
83;41;82
46;55;84
46;84;48
49;48;85
85;48;84
85;86;49
50;49;86
51;50;86
61;51;86
87;88;52
53;52;88
89;90;87
90;88;87
53;88;91
53;91;55
84;55;92
92;55;91
93;58;94
56;58;93
57;95;89
56;95;57
90;89;95
56;93;96
56;96;95
97;98;94
93;94;98
99;100;97
100;98;97
60;101;59
60;61;101
59;101;82
61;86;101
102;103;104
104;105;106
102;104;106
107;108;109
107;110;105
109;110;107
110;106;105
80;111;112
79;111;80
112;113;114
113;112;111
115;116;117
114;118;115
113;118;114
116;115;118
117;119;120
116;119;117
121;122;123
77;124;108
76;124;77
109;108;124
125;126;127
127;128;75
126;128;127
76;75;128
129;130;125
126;125;130
131;129;71
131;71;70
131;130;129
131;70;132
131;132;130
67;133;134
66;67;134
133;135;136
134;133;136
137;74;65
66;134;138
66;138;65
137;65;138
68;139;70
68;72;139
132;70;139
137;140;74
73;140;72
74;140;73
72;140;139
126;130;141
126;141;128
141;130;142
142;130;132
132;139;143
142;132;143
76;128;144
76;144;124
145;120;119
145;146;120
147;148;99
100;99;148
149;147;150
149;148;147
151;152;153
152;154;150
151;154;152
149;150;154
103;155;156
102;155;103
157;153;156
157;156;155
151;153;157
79;81;158
79;158;111
158;81;159
159;81;83
82;160;83
82;101;160
83;160;159
92;161;84
85;84;161
85;161;86
86;161;162
162;101;86
91;88;163
90;95;164
90;164;88
163;88;164
163;165;91
92;91;165
92;165;161
98;166;93
93;166;96
164;95;167
96;167;95
168;96;166
96;168;167
100;148;169
100;169;98
98;169;166
101;170;160
162;170;101
102;106;171
102;171;155
106;110;172
106;172;171
109;124;173
109;173;110
110;173;172
174;111;158
113;111;175
113;175;118
175;111;174
116;118;176
116;176;119
177;176;118
177;118;175
146;178;179
145;178;146
145;119;180
145;180;178
180;119;181
181;119;176
121;123;182
182;123;183
121;182;184
121;185;122
121;184;185
184;186;185
187;173;124
187;124;144
188;144;128
188;128;141
134;136;189
138;134;189
190;191;135
136;135;191
192;191;190
192;190;193
136;191;194
136;194;189
138;189;195
137;138;195
137;195;140
196;143;139
196;139;140
195;196;140
197;189;194
189;197;195
198;143;196
199;200;201
202;203;204
204;205;199
203;205;204
200;199;205
142;206;141
142;143;206
188;141;206
207;143;198
207;206;143
188;208;144
188;206;208
144;208;187
209;179;178
209;210;179
211;212;213
214;215;216
210;217;214
209;217;210
215;214;217
216;218;211
215;218;216
212;211;218
219;220;221
213;222;219
212;222;213
220;219;222
223;169;148
149;154;224
149;224;148
223;148;224
151;157;225
151;225;154
224;154;226
226;154;225
155;227;157
155;171;227
225;157;227
159;228;158
159;160;228
158;228;174
160;229;228
229;160;170
165;230;161
162;161;230
162;230;170
170;231;229
231;170;230
167;232;164
163;164;232
163;232;165
232;233;165
233;230;165
169;234;166
166;234;168
167;235;232
168;235;167
168;234;235
223;236;169
234;169;236
237;227;171
238;171;172
238;237;171
172;173;239
238;172;239
187;240;173
187;208;240
240;239;173
174;241;175
174;228;241
175;241;177
177;242;176
177;241;242
181;176;242
209;178;243
209;243;217
243;178;244
244;178;180
181;245;180
181;242;245
244;180;245
246;247;248
247;249;183
246;249;247
182;183;249
249;250;182
184;182;250
251;186;252
184;252;186
252;184;250
251;252;253
254;251;253
255;254;253
248;256;257
246;248;257
256;258;259
259;257;256
260;261;258
259;258;261
262;263;260
261;260;263
264;262;265
264;263;262
265;266;267
264;265;267
268;269;266
267;266;269
255;270;254
197;194;271
192;272;191
191;272;194
194;272;271
201;273;193
200;273;201
192;193;273
192;273;272
197;274;195
197;271;274
195;274;196
198;196;274
198;275;207
198;274;275
200;205;276
200;276;273
277;278;202
279;278;277
203;202;278
203;278;280
203;280;205
276;205;281
281;205;280
206;282;208
207;282;206
207;275;282
240;208;283
283;208;282
284;279;277
285;268;286
285;269;268
287;288;289
290;291;292
292;293;287
291;293;292
288;287;293
221;294;290
220;294;221
291;290;294
220;222;295
220;295;294
212;218;296
212;296;222
295;222;297
297;222;296
215;217;298
215;298;218
298;217;299
299;217;243
296;218;300
300;218;298
301;302;303
289;304;301
288;304;289
302;301;304
305;306;307
307;308;286
306;308;307
285;286;308
303;309;305
302;309;303
306;305;309
226;310;224
224;310;223
223;310;236
227;311;225
237;311;227
225;311;226
226;311;310
312;236;310
228;313;241
313;228;229
314;313;229
314;229;231
315;314;231
233;316;230
231;230;316
315;231;316
235;317;232
233;232;317
233;317;316
234;236;318
236;312;318
234;318;235
235;318;317
237;238;319
238;239;319
237;319;311
239;240;320
240;283;320
239;320;319
241;321;242
313;321;241
322;245;242
322;242;321
244;323;243
244;245;323
299;243;323
245;324;323
322;324;245
246;257;325
246;325;249
249;325;250
253;252;326
250;326;252
250;325;326
326;325;327
255;253;328
253;326;328
326;327;328
285;308;329
285;329;269
270;330;331
255;330;270
255;328;330
332;331;330
257;259;333
257;333;325
334;259;261
334;333;259
333;335;325
335;327;325
261;263;336
334;261;336
264;267;337
264;337;263
263;337;336
267;269;338
269;329;338
267;338;337
332;339;331
340;341;342
342;343;284
341;343;342
279;284;343
271;344;274
274;344;275
272;345;271
271;345;344
346;272;273
346;273;276
346;345;272
275;344;347
275;347;282
345;348;344
344;348;347
281;349;276
276;349;346
346;349;345
345;349;348
279;343;350
279;350;278
280;278;351
351;278;350
351;352;280
281;280;352
281;352;349
283;282;353
347;353;282
320;283;354
283;353;354
355;356;340
341;340;356
288;293;357
288;357;304
291;294;358
291;358;293
357;293;359
359;293;358
358;294;360
360;294;295
297;361;295
295;361;360
300;362;296
297;296;362
297;362;361
299;363;298
299;323;363
300;298;363
300;363;362
302;304;364
302;364;309
364;304;365
365;304;357
306;309;366
306;366;308
367;329;308
367;308;366
366;309;368
368;309;364
311;369;310
311;319;369
312;310;369
312;369;370
312;370;318
313;371;321
314;371;313
314;315;371
315;316;372
315;372;371
317;318;373
317;373;316
372;316;373
374;373;318
370;374;318
375;372;373
320;376;319
354;376;320
319;376;369
322;321;377
322;377;324
321;371;377
323;378;363
378;323;324
324;379;378
324;377;379
328;380;330
328;327;380
327;335;381
381;380;327
367;382;329
383;329;382
383;338;329
332;330;384
384;330;380
339;385;386
332;385;339
332;384;385
336;387;334
334;387;333
333;387;335
388;335;387
388;381;335
336;337;389
336;389;387
338;390;337
383;390;338
389;337;390
391;385;384
392;393;386
392;386;385
394;356;355
395;394;355
341;356;396
341;396;343
350;343;397
397;343;396
347;348;398
347;398;353
349;352;399
348;349;399
348;399;398
397;400;350
350;400;351
351;400;352
401;352;400
401;399;352
402;376;354
353;403;354
353;398;403
402;354;403
404;405;395
394;395;405
406;405;404
407;406;404
394;405;408
394;408;356
396;356;409
409;356;408
359;410;357
365;357;410
360;411;358
360;361;411
359;358;411
359;411;410
412;411;361
361;362;413
412;361;413
363;414;362
414;363;378
413;362;414
365;415;364
365;410;415
368;364;415
368;416;366
368;415;416
367;366;416
367;416;382
378;417;414
379;417;378
369;376;418
370;369;418
370;418;374
371;419;377
372;419;371
375;419;372
374;420;373
374;418;420
375;373;420
421;375;420
375;421;419
422;418;376
402;422;376
379;377;423
423;377;419
417;379;424
424;379;423
382;416;425
384;380;426
391;384;426
380;381;426
388;427;381
427;426;381
382;428;383
383;428;390
382;425;428
429;430;431
392;385;432
432;385;391
393;433;434
392;433;393
392;432;433
435;436;434
435;434;433
437;436;438
435;438;436
431;437;439
439;437;438
429;431;439
387;389;440
388;387;440
427;388;440
390;441;389
390;428;441
441;440;389
442;433;432
391;443;432
391;426;443
442;432;443
428;444;441
445;403;398
409;446;396
397;396;446
397;446;400
401;447;399
399;447;398
445;398;447
446;448;400
401;400;448
401;448;447
402;403;449
402;449;422
445;449;403
408;405;450
406;451;405
450;405;451
452;453;407
406;407;453
406;453;451
454;453;452
455;454;452
450;456;408
409;408;456
409;456;446
410;457;415
411;458;410
412;458;411
457;410;458
412;413;459
412;459;458
414;460;413
460;414;417
459;413;460
416;415;461
457;461;415
425;416;461
417;462;460
462;417;424
422;463;418
420;418;463
423;419;464
421;464;419
465;420;463
421;420;465
421;465;464
422;466;463
466;422;449
464;467;423
424;423;467
424;468;462
468;424;467
466;449;469
444;428;470
425;461;470
425;470;428
471;472;473
443;426;474
427;474;426
427;440;474
430;475;473
429;475;430
471;473;475
429;439;476
429;476;475
435;433;477
435;477;438
442;477;433
438;478;439
438;477;478
439;478;476
441;479;440
479;441;444
474;440;479
480;479;444
442;481;477
442;443;481
481;443;482
474;482;443
482;474;479
483;476;478
444;470;484
480;444;484
445;447;485
445;485;449
485;469;449
486;446;456
486;448;446
448;487;447
487;485;447
488;485;487
488;469;485
486;489;448
489;487;448
451;490;450
450;490;456
451;453;491
491;490;451
492;493;494
454;495;453
491;453;495
493;496;455
492;496;493
454;455;496
454;496;495
497;498;494
492;494;498
456;490;499
486;456;499
486;499;489
457;458;500
457;500;461
500;458;501
459;501;458
460;502;459
502;460;462
459;502;501
470;461;503
500;503;461
462;504;502
504;462;468
505;463;466
465;463;505
467;464;506
506;465;505
465;506;464
466;507;505
469;507;466
508;467;506
468;467;508
509;504;468
509;468;508
510;499;490
488;511;469
469;511;507
512;470;503
484;470;512
472;513;514
471;513;472
471;475;515
471;515;513
515;475;516
476;516;475
483;516;476
477;481;517
478;477;517
483;478;517
482;479;518
480;518;479
480;484;519
480;519;518
517;481;520
482;520;481
518;520;482
483;521;516
521;517;520
483;517;521
522;497;523
522;498;497
524;523;525
522;523;524
526;514;513
526;527;514
528;484;512
528;519;484
489;529;487
488;487;529
488;529;511
499;510;530
530;489;499
489;530;529
495;531;491
491;531;490
510;490;531
492;498;532
492;532;496
495;496;533
533;496;532
533;531;495
522;524;534
522;534;498
535;532;498
535;498;534
536;510;531
501;537;500
503;500;537
537;501;538
502;538;501
504;538;502
512;503;539
539;503;537
504;540;538
509;540;504
507;541;505
506;505;541
508;506;541
542;507;511
542;541;507
509;543;540
509;508;543
508;541;543
510;536;544
544;530;510
544;545;530
529;530;545
529;545;511
546;511;545
542;511;546
528;547;519
512;539;548
528;512;548
528;548;547
526;513;549
515;516;550
516;521;550
549;513;551
551;513;515
551;515;550
518;552;520
519;552;518
547;552;519
521;553;550
521;520;553
553;520;552
525;554;555
524;525;555
524;555;556
534;524;556
527;557;558
526;557;527
526;549;557
559;557;549
560;557;559
561;562;558
561;558;557
561;557;560
535;563;532
532;563;533
533;563;531
536;531;563
556;564;534
535;534;564
535;564;563
536;563;565
536;565;544
566;548;539
538;567;537
538;540;567
539;537;567
566;539;567
568;567;540
540;543;568
542;546;569
542;569;541
541;569;543
570;568;543
570;543;569
571;569;546
544;565;572
572;545;544
573;545;572
573;546;545
571;546;573
547;574;552
547;548;574
548;575;574
575;548;566
576;577;554
555;554;577
578;577;576
578;576;579
577;580;555
555;580;556
562;581;582
561;581;562
561;560;581
583;584;582
583;582;581
584;585;586
583;585;584
587;550;553
551;588;549
551;550;588
559;549;588
550;587;588
587;553;589
552;589;553
552;574;589
590;556;580
590;564;556
559;591;560
559;588;591
592;581;560
592;560;591
564;590;593
564;593;563
563;593;565
594;565;593
594;572;565
566;595;575
568;595;567
566;567;595
596;595;568
570;596;568
570;597;596
571;597;569
570;569;597
571;573;598
571;598;597
594;599;572
572;599;573
598;573;599
600;589;574
574;575;600
601;600;575
601;575;595
591;588;602
587;602;588
587;589;602
590;580;603
590;603;593
578;604;577
580;577;604
580;604;603
605;606;579
578;579;606
578;606;604
607;606;605
608;607;605
609;586;585
603;610;593
609;611;586
583;581;612
583;612;585
612;581;592
609;585;613
613;585;614
614;585;612
615;591;602
592;616;612
592;591;616
612;616;614
615;616;591
617;602;589
617;589;600
610;618;593
594;593;618
594;618;599
601;595;619
596;619;595
620;619;596
598;620;597
597;620;596
599;618;621
621;598;599
598;621;620
617;600;622
600;601;622
601;619;622
615;602;623
617;623;602
617;622;623
624;603;604
603;624;610
625;604;606
625;624;604
607;626;606
625;606;626
627;628;608
607;608;628
607;628;626
629;627;630
629;628;627
611;631;632
609;631;611
609;613;631
610;624;633
610;633;618
634;635;632
634;632;631
636;631;613
614;637;613
614;616;637
636;613;637
637;616;638
615;638;616
615;623;638
639;622;619
618;633;640
640;621;618
641;639;619
641;619;620
642;621;640
642;620;621
642;641;620
623;643;638
623;622;643
639;643;622
625;626;644
625;644;624
624;644;633
645;626;628
645;644;626
629;646;628
645;628;646
647;648;630
629;630;648
629;648;646
634;631;649
636;649;631
650;635;651
634;651;635
634;649;651
652;650;651
653;633;644
653;654;633
654;640;633
655;648;647
636;656;649
636;637;656
637;638;656
657;656;638
657;638;643
639;658;643
639;641;658
659;650;652
660;659;652
661;655;647
658;641;662
642;640;662
642;662;641
654;662;640
657;643;663
663;643;658
645;646;664
645;664;644
653;644;664
665;646;648
665;664;646
655;666;648
665;648;666
667;649;656
651;668;652
668;651;649
667;668;649
652;669;660
669;652;668
653;664;670
653;670;654
671;654;670
654;671;662
672;663;658
658;662;672
671;672;662
667;656;673
657;673;656
657;663;673
655;661;674
655;674;666
660;669;675
660;676;659
660;675;676
677;674;661
678;674;677
679;673;663
679;663;672
665;666;680
665;680;664
664;680;670
666;674;681
681;680;666
682;670;680
669;668;683
667;683;668
667;673;683
684;675;669
684;669;683
682;685;670
671;670;685
679;672;685
671;685;672
673;686;683
679;686;673
679;685;686
678;687;674
681;674;687
684;688;675
689;675;688
676;675;690
689;690;675
678;677;691
678;691;692
678;692;687
681;687;693
681;693;680
682;680;693
682;693;694
682;694;685
684;695;688
684;683;695
695;683;686
696;695;686
696;686;685
696;685;694
687;692;697
687;697;693
698;688;695
689;688;699
698;699;688
689;700;690
689;699;700
701;692;691
702;692;701
702;703;692
703;697;692
697;704;693
704;694;693
698;695;705
696;705;695
704;705;694
696;694;705
703;706;697
706;704;697
707;699;698
698;705;707
708;699;707
700;699;709
708;709;699
702;701;710
702;710;711
702;711;703
711;712;703
703;712;706
713;705;704
706;713;704
707;705;714
714;705;713
715;713;706
712;715;706
708;707;716
714;716;707
708;717;709
708;716;717
711;710;718
718;719;711
711;719;712
719;720;712
720;715;712
714;721;716
714;713;721
715;721;713
722;715;720
722;721;715
723;716;721
717;716;724
723;724;716
719;718;725
725;726;719
726;720;719
726;727;720
722;720;727
723;721;728
722;727;728
722;728;721
729;724;723
723;728;729
726;725;730
730;731;726
727;726;731
727;732;728
731;732;727
729;728;733
732;733;728
731;730;734
735;731;734
735;732;731
732;736;733
735;736;732
735;737;736
735;734;737
% Data (solid.pmGp (N/m^2))
-184.42916791330927
225.0131667554345
176.64162894216756
300.696755467665
-433.1898005114353
-1092.1060752889773
421.61170316871875
295.4004680960761
627.4447435512252
532.1192247853631
-657.4603491605797
-1977.3342749154835
-1272.2499780818166
-2924.9433593545223
-2211.726038947586
-3061.6037945514995
-3742.6220936994064
1055.6457203090097
929.739752488271
834.2213881340307
633.2645417380544
-282.2474301316837
-1435.926224375754
-4575.2345447372945
-4777.975305243649
-5265.322781767174
-3907.885955175249
-2692.643278330943
735.7882401655295
804.9963251347344
565.5484354212198
412.3303977286744
476.0963891363735
-167.87174316331013
291.3150070171328
218.41260160993363
277.41227108772233
256.2013165789478
-1099.9662953940522
-477.3227281677019
-5471.473537604295
-5957.628129362075
-6227.93963304488
-6521.919656200025
1544.7821673286119
1349.8462683139812
1304.0616594809355
1032.3618588349987
37.97518111641831
-524.6200275985584
-1591.5253837772716
1983.5625295608354
1711.297081446198
1745.0047506036362
1384.4110538092195
2363.687927623761
2439.624811877535
2556.422186632114
-4591.5710878190475
-3497.437614503791
-2702.857565690269
-1394.4308679896587
-1989.1586104965882
-2890.182713491391
-2304.344566015657
-3259.058635551211
-3780.519932661545
842.8223361490082
1031.0241443318573
1099.3303414158772
1301.8287995698468
176.22565832712965
-280.82908570048863
-1230.130736049008
2075.9326887742986
2020.3227272153556
2318.9969666471407
-7060.770268573742
-7316.362960120637
-7492.1274931836515
-6758.952173098486
-5361.569900888001
-6106.037657305074
468.1072076515243
-101.6275706673979
-1765.793580897339
2160.570393591106
1719.2901158238476
2227.418534400572
2028.4362973183256
897.4416836678037
263.2766449789645
2378.268586579551
2658.8330838278966
2051.637449745494
1665.365787629759
2670.653265522214
2379.980187972675
2793.1273164602812
2539.647938395917
-4057.9085567879956
2623.474398281101
2809.379767564004
2706.2178303751366
2708.7247999266087
2369.9379010628704
2535.4204461000536
2448.790187082773
2306.238090165126
2286.295091768286
-7746.535457785921
-7898.597073446974
-8132.684043193085
-8200.375676320438
-8464.912257932841
-8677.220043578609
-8638.79770717933
-8434.481205236818
-8869.780649192488
-8781.544966814386
-231.7805975865077
-0.5755709207160535
-338.28751815308783
1959.4492641696781
1708.0611097976807
1671.525707873021
1954.90721362386
1674.9185122606666
1489.3176368076963
1391.847487811205
1328.7198788379344
537.2535122533338
-4539.9496318849315
-3981.274568749601
-5287.789362766496
-4759.424531323483
-2172.2622161512327
-3151.5239387372917
-179.0485383478253
-1234.78328681464
800.5804372507527
232.56027705971957
-1058.340616580334
958.0675299643368
-8932.65271228585
-8833.449196112784
2882.494768902435
2441.0882689917935
2679.09503697413
2851.1310477592465
2772.182504931285
2842.5907218471098
2802.5016880923745
2558.264338400443
2517.356303257206
2816.4012172931048
2699.037227188454
-7298.419380791226
-6726.064081009894
-5898.564115921216
-1150.4021578923937
-3203.8154867845274
599.9070595593248
1194.0351437428308
-813.8926705923416
1558.7035062956813
685.4862510970214
742.8499080664767
1454.5961532019385
-4889.256889492645
1704.2190841141346
1317.9591202218737
1171.5907202772974
-7781.68092992313
-8170.785594629579
-8760.40098949546
-8522.938359523483
-9018.985181093902
-8854.981494192993
-9069.11353636021
-8971.041011248608
-499.51996786745
-683.8312934618685
-273.11781067007075
-4.284627203725087
-2.1612868766621247
552.2413472942849
441.33828917059884
-4022.3443201080686
-5934.851887341672
-5577.658989845644
-6228.082848570988
-6523.6730750146935
-5096.029050692098
-2976.930360797648
-2028.7737810262267
-4314.985284059812
-2639.2517571940725
-7503.761599741359
-7352.294641908104
-7034.521856759281
-8202.851637230808
-8167.218849653824
-7882.110412030616
-7831.516264864886
-919.2787623966216
-2287.63829198183
-800.5158917833568
-8974.434040079821
-8828.434823192578
-8415.186191075363
-8445.162114755982
-8198.865107453496
-8723.39251232653
-8804.217129771143
-8595.128824420766
-8955.154772871989
-8690.114077574694
-7949.255719167176
-7936.64253818177
-7662.011241088253
-8250.649951490259
1140.6188352046843
1734.029731096146
1873.8354717315551
1326.7052849284676
1607.4847287172822
-7251.17373315988
-6460.909569930794
-3439.4562913325703
-5602.839127198175
-605.2362230075206
-2557.121021658615
81.78566400752557
-785.3416774274451
-290.15059916010256
544.8685665260332
353.021429372306
-628.1729502977546
-806.4385139334554
-8210.190382145662
-8885.334783507398
-9127.9639148343
-9173.371854326599
-9208.774067351438
-1211.4021376318838
-1032.6493364432056
-1381.9185809533647
-859.9469698734579
-633.5487579649009
11.453285151950224
-316.2927402779905
-279.82603949894644
34.75554152326584
-184.6091237251888
-1728.7469527593391
-1523.9312919685938
-2080.584799233132
-1875.9412252898135
-2437.939189613339
-2286.974995178441
-2800.076700986982
-2636.5418605867076
-2981.7267444194367
-3174.745135503541
-3551.305659256183
-3345.1477166078616
-3943.228306444784
-3766.9142727289923
64.3286957778355
-5289.838645903272
-6158.492608534868
-6856.849956034734
-3953.9257491934563
-3918.3265246845954
-7447.37720828292
-8448.531751230032
-8500.59441818071
-8694.76136191025
-8292.35080641151
-7959.926421654294
-3139.525661021923
-2968.2276425205205
-8660.76327717685
-4153.010217891851
-4330.187566237837
-6666.044135823006
-6578.65281357647
-6297.538032259807
-7351.954422846334
-7300.327901141532
-7022.35152514488
-6988.25058698857
-7673.413634238094
-8097.135502746661
-8604.61732380351
-8409.364775749189
-8968.506787865314
-9120.629671351027
-8858.885634122731
-5917.05838325017
-5797.641776924653
-5525.664784071375
-6230.665283711872
-5124.253170938843
-4982.933119663624
-4731.791535843914
-4593.0723555940995
-5425.799317078347
4.979340005555168
-26.768565600843306
-1817.7159450060074
-7737.763809098772
-6959.494606814862
-6570.542464439835
-4980.512161622343
-2821.855408252932
-2682.3307672177407
-1544.7253294504833
-2705.634971210487
-8609.125639185522
-9115.170209814212
-9302.23702106586
-9377.47955203882
-1172.3504597624049
-694.6919414035823
-1049.2517562747164
-549.9311991645119
-4163.7951334224135
-290.7712936400841
97.94437871085258
-146.31862241872366
-1691.5473620023597
-2077.4787941306904
-1490.669183369151
-2464.3197131917495
-2984.6123635359286
-3549.33281703271
133.5909473901919
-8844.515868802446
-8960.676755814826
-8764.512057559816
-8890.672917915444
-5451.190094476912
-6543.590101738432
-6924.334396542038
-5402.142934201041
-6864.798065139622
-7609.419761074244
-8840.49295620066
-8649.426406802198
-8430.19393841441
-5265.013436245653
-4827.877546654118
-8850.928757469073
-9028.661561278434
-6708.840954539032
-7454.5459574447
-7138.060721223965
-7827.709192348996
-8257.59580810226
-8777.561711887083
-9160.444241757137
-5914.818717725558
-6349.016648512546
-5080.133668480112
-4681.880056228135
-5532.9581180300975
-2517.549944516148
-3579.750333700477
-7949.825669600651
-7025.8308080054985
-5613.0529493866
-5000.162681315224
-7453.1203077206665
-4660.26612207093
-9076.41514921641
-9376.752833260818
-9461.194710140326
-805.0811110709366
-1264.9454762585856
-4416.783017556515
-3866.1155937595977
-600.3710331935478
-259.0581225053783
169.05177675223456
-2080.8927088622127
-1681.6808098684912
-2713.4409675005904
-3305.9997754871206
-743.5491352482237
-123.30382010276244
203.80499653523006
-8982.604988662268
-8828.203640825675
-9115.731552285522
-9050.410618510512
-7219.87790266474
-8041.100221605412
-8992.308873476468
-8799.840215525437
-6423.325041915019
-6809.150954995616
-8725.231365954945
-8946.397238247011
-8789.507512097809
-8594.73646712168
-9125.30341448281
-9195.152233153378
-6858.74168350869
-7610.008560332811
-8101.111478937297
-8646.402704678932
-9089.91517906133
-6032.921544431627
-5195.206917863562
-9300.103533324276
-5577.3937393518545
-8533.94158224734
-7129.643527574982
-8276.316958982328
-7140.526795064754
-9291.614285427975
-9391.784769972719
-4763.060977403771
-1087.028458519404
-1592.9731715331523
-3875.3867725465548
70.90188514562651
335.08546728485084
315.3027228551495
-537.1559711224916
-225.57756102784643
236.18636772195887
-40.58173566578726
265.724684169093
292.4689771085621
-99.3780549745248
-19.48779235291926
-2188.255036893234
-2987.838644268277
-706.8830823154489
-1156.2804196755449
-3555.9083843994817
-8054.672846134787
-9286.01507341926
-8736.682609975653
-9249.779367726487
-8066.320576522913
-9104.067923391925
-8918.112908180265
-8421.516379295297
-8660.147035255508
-8419.380827441128
-8203.72071499205
-9267.907470089682
-6548.078008107215
-7461.436153907847
-8291.704815126552
-8923.598610929834
-5692.29496051174
-9141.528182161703
-7930.028446135936
-9051.050456690271
-8623.000456749709
-8663.271171813656
-9363.642262456002
-9216.870568130142
-9123.49639070343
-4572.092153060495
78.7302200398668
363.5289508828455
351.07128066637523
-1744.00592650252
-64.00221751143668
-273.1889464834179
-524.5858861530858
-444.5134773580633
-2529.7058597685314
-3222.400576604618
-1159.0426450672178
-1837.005205325061
-659.5937437010401
-3979.4860782255905
-8892.04128693394
-9402.552532344487
-9319.382237036147
-9288.982640843298
-9454.266132190385
-9064.21023115012
-8798.397266768334
-7881.60826437872
-7946.047870032762
-7662.617284380222
-8531.19646736459
-8184.863823775333
-7358.479881639742
-7568.411893689387
-9306.779151780527
-6639.921506739155
-7698.28375008843
-8591.066523400383
-5804.540329844381
-8731.471605407085
-9120.623990444086
-9243.814804787804
-9291.903554526718
-9239.959725852244
-8931.809883609807
-8975.122197121775
-9364.312932023868
-4993.725076577548
-60.04080529460216
372.43684621861183
-408.6761105628143
-608.085752087152
-938.9710756402161
-2533.245261897989
-3413.5974126601363
-1792.2707324874211
-1150.136244041107
-7229.335102045484
-7017.105540601483
-6938.980566249501
-6670.919633570452
90.70446025261299
377.7076974079864
-4175.973101728198
-9430.178862905806
-9269.056483377904
-8630.189272281508
-7940.381724551021
-8301.472598413937
-7255.536496585301
-7577.599832307385
-8562.936425376265
-6972.86487721028
-7978.274745632727
-6057.636855644635
-8309.996657181056
-9277.772805235969
-9257.331069258333
-8781.277375725553
-8823.355947839938
-9060.011461976705
-8993.794611076339
-3803.6159197578186
-4800.609895834062
-372.30896827678424
-994.5812899269923
-534.5437590065283
-2792.6148668333917
-1852.4909981463368
-6295.751331787142
-6582.665348730142
-6925.554500504688
-47.89830003564136
379.5475000807707
-518.5322932134776
-361.12211233823103
93.72329043044007
377.7539457487839
-7984.579235409118
-7312.098901539892
-8133.89273149167
-5840.864389880476
-7124.674136285508
-7713.322481323589
-8828.52259346922
-8089.449374144829
-8448.05424694402
-8333.103050673517
-8469.441656466974
-3825.128230368562
-4970.0975656568
-5913.704438951175
-6174.2948570212
-5791.464896707041
-5522.405463341464
-6461.717368397476
-49.47262862691182
372.4926035269416
86.24360269033384
363.52896321669755
-65.90062922532647
351.0617721888029
-1637.1304846834223
-975.5465950045607
-2652.0217230106605
-6849.812698901493
-969.9598455801445
-511.75897746101964
-7185.921894605412
-7642.812641502513
-6232.025738150459
-7046.854013912329
-7907.357596200476
-7700.495628314147
-7578.36428899293
-3759.3625918385933
-4871.295287623735
-1858.8992533024607
-6394.065195079204
-5911.990187969811
-5127.478873112093
-5378.076671355379
-4956.795042674367
-4729.319181653309
46.392983394300394
-6253.085359850192
335.22654934310117
-340.7210631653632
-362.6298622359391
-501.42539092969264
-1567.495930515787
-947.7471022677552
-2885.9932239915324
-6644.047158246389
-5481.051512952969
-6628.833649911634
-6777.111828639911
-3856.260795168138
-2501.242982191481
-5737.945260479296
-5396.99245350654
-4965.945932552307
-4335.4777742298365
-4532.39150405673
-4136.761202832382
-3938.3517499561644
-114.71807408240068
315.46233211694397
-5532.187897836018
4.730520835768443
292.1980272366904
-569.3849370223297
-881.5718162461276
-1776.1938236113817
-4201.341104272622
-5789.830035464679
-5123.4955197661075
-5763.7372887798465
-2926.228661589076
-4948.078299008861
-4542.674538058282
-4115.5407467067935
-3553.893081681468
-3722.486220632492
-522.6045864373834
265.8114211703408
-125.99928614245711
-90.61649067579715
-4554.040984271711
-4632.867181607325
-3341.8088925379298
-1185.325200794759
-1976.7159048332385
-3908.550746463317
236.16757257171795
-17.578721085035223
-3172.8100263929923
-4587.676081885163
-2655.260219976195
-4130.411975945906
-3711.3424845638046
-3306.828561014074
-972.8567591254007
-537.2271005657708
-453.9185865630134
-3767.5826149847667
-3803.06887765981
-3353.712378546612
-1711.8374458333406
-2946.857546249196
-201.14845103337095
203.89624306919234
-2801.554559608343
-2582.55848182393
-2440.210569944037
-3309.481477483482
-2922.7497749583463
-2910.9261126378865
-1046.6361893312092
-658.2679337700924
-2788.6731877134002
-1865.7467449710996
-2533.8471273097407
-561.4759358758731
-118.78826531474843
169.1770802161772
-2437.968370957884
-2181.8674222573754
-2538.857318082824
-2193.5362643295734
-1168.7527430674875
-1809.2983717416548
-2064.664958150774
-783.2375627873255
-288.689059875423
133.58289984484378
-2081.0725534670537
-1844.618374443699
-1786.2923960648397
-1826.1320425484216
-1293.5366535175694
-1594.6532372541496
-684.1495994926735
-206.68076100425947
98.25375802629243
-1729.5265152376448
-1543.7881607393335
-1370.3438741639118
-1233.0657360549242
-850.5466340180299
-1124.5279950388892
-369.902403972701
64.2850836789192
-1381.0372688159962
-1191.7571852278754
-995.6080685756734
-727.3454480654804
-791.2987284488756
-276.9562813678963
34.451815264020986
-1033.5199701267632
-841.8455571755694
-643.452286369137
-394.6397270327658
11.569142872424754
-683.4307543608074
-511.4743292918726
-273.7430707483233
-2.3328720581319056
-338.35345855324186
-231.3389077997509
-3.9837637054440975
-0.5089371990552465
