% Model:              K-Totem.mph
% Version:            COMSOL 6.4.0.293
% Date:               Jun 1 2026, 19:49
% Dimension:          2
% Nodes:              638
% Elements:           1122
% Expressions:        1
% Description:        Pressure
% Length unit:        m
% Coordinates
0.7345290785070278;0.75
0.7393293858902342;0.7386191910418235
0.75;0.75
0.75;0.7347177765346325
0.7229240032743445;0.7350520551609061
0.011381848547915624;0.7400206724563969
0;0.75
0;0.7347177765346325
0.015470921503903414;0.75
0.21461950259071771;0.75
0.19457312023425571;0.75
0.20604111938863323;0.7334001591381479
0.17452673787779363;0.75
0.1868194665642464;0.7273685296135803
0.1544803555213314;0.75
0.16580491287760793;0.7331516296559609
0.13443397316486938;0.75
0.1465346828523677;0.7268044190934172
0.12492502935477569;0.7330481949413888
0.11438759080840724;0.75
0.25471226730364205;0.75
0.23466588494717988;0.75
0.2461793100795504;0.7334474909908376
0.22695958124863075;0.7274620668421407
0.3348977967294905;0.75
0.3148514143730282;0.75
0.32641544658464194;0.7332737500145212
0.7156812463781627;0.75
0.45517609086826294;0.75
0.4351297085118008;0.75
0.4463854184795694;0.7333544972432011
0.3950369437988766;0.75
0.37499056144241466;0.75
0.3870759593388047;0.7274239490879237
0.4150833261553388;0.75
0.4269333200459797;0.7273437897880983
0.40650293092450324;0.7333668082894217
0.47522247322472494;0.75
0.46698848460881404;0.7272833049532735
0.4864685011768329;0.7331725523473428
0.4952688555811871;0.75
0.7373163171370402;0.7248240358313367
0.75;0.7161702808289814
0.7372558610824125;0.013653181415617086
0.75;0
0.75;0.019898645425788123
0.730263157894737;0
0.7356636192650942;0.029921014508491117
0;0.019898645425788078
0;0
0.019743877631785155;0.013919705992212544
0.01973684210526317;0
0.03947368421052634;0
0.6957326392516335;0.75
0.7041484520258459;0.7321945981863979
0.6829677772126553;0.731350490084706
0.7155948367295791;0.7093103936654197
0.6926872153053181;0.7181876187702679
0.27475864966010405;0.75
0.2669710285006654;0.7275407530237524
0.2948050320165661;0.75
0.28636293286515946;0.7334001862219939
0.30704991805831816;0.7276916557083923
0.2886442793428059;0.7107492978096444
0.2694878799918337;0.7021732350145213
0.20852570949706203;0.7118383361909716
0.24865070545877785;0.7118438412598138
0.22879865210707542;0.7029432217530908
0.25201388242415057;0.6788974214501395
0.09434120845194509;0.75
0.10459422600690131;0.7260519698683432
0.07429482609548307;0.75
0.08355748030185108;0.7326576901650272
0.014983481524263483;0.7255597636160355
0;0.716170280828981
0.026109509444372608;0.7380974028045867
0.03430961248180937;0.75
0.05424849164428941;0.75
0.0613308378003506;0.7276406155079287
0.04369601898128697;0.7365291946162853
0;0.6964523300465396
0.019456678645535748;0.7062784380016911
0;0.6765539444767967
0.02106575401092447;0.6855134873803377
0.015521674520790826;0.666872605858206
0;0.6566552990510086
0.03851534747116192;0.6668503075213758
0;0.6168580081994324
0;0.5969593627736441
0.01799249659022259;0.6074562938490775
0.014863933544088426;0.5907501101941972
0;0.577060717347856
0.021547221527885102;0.5707464665093157
0;0.5173647810704916
0;0.49746613564470343
0.016935932838537882;0.5090069326098581
0.02295465634935535;0.529475887153174
0;0.5571620719220679
0.016367313168731714;0.5497725627195665
0;0.5372634264962798
0.03959597909862461;0.5117832480947759
0.16814688150530327;0.7115300275001707
0.189100867732965;0.703170080512172
0.17101132098919086;0.6784183060670829
0.1482275089996687;0.7026115773354739
0.12745516590914482;0.7097100828310217
0.10775930324134153;0.7002735303253863
0.5955007673634977;0.75
0.5754543850070355;0.75
0.5880633375726427;0.72747990750542
0.6075480730125018;0.7343491093867242
0.6155471497199597;0.75
0.6107764621684688;0.7128167870131663
0.675686296789346;0.75
0.6355935320764218;0.75
0.6284488978547144;0.7295983819515214
0.6479982148365303;0.7371708504528895
0.6556399144328839;0.75
0.3549441790859525;0.75
0.3664230257761291;0.733311854863845
0.3471322665756827;0.7274698519587295
0.3687941748127583;0.7111534203946709
0.4089104920703876;0.7106252299461712
0.4293671710773518;0.7019912885707279
0.3897429896465139;0.7018383963475707
0.3283668319811207;0.710587194841839
0.3491012739293841;0.701736476171522
0.3087990885680816;0.7016055686770514
0.5554080026505733;0.75
0.5667913592046518;0.7333834270279835
0.5353616202941114;0.75
0.5153152379376492;0.75
0.5267566737988691;0.7330383702605907
0.5476308950350229;0.7273648268556416
0.5071608801694331;0.7271645644895222
0.5287703027407276;0.7098177717609858
0.44883983213789014;0.7107631442695772
0.5088487834021896;0.7017451251735423
0.48868086889258944;0.7104837200902961
0.4693352093188145;0.7020491218362354
0;0.3979729085157627
0;0.37807426308997455
0.016674341249730662;0.38959512163223325
0.0226100758271097;0.3703241665215211
0;0.35817561766418643
0;0.2785810359610337
0;0.2586823905352455
0.016796739919471594;0.27006444618041325
0.75;0.039797290851576246
0.7318941748922213;0.05016115320348577
0.75;0.059695936277364345
0.7382821259437818;0.7054121186703092
0.75;0.6964523300465386
0.5904766364685892;0.7027508340248814
0.5692025377387173;0.7113437881272155
0.5491492159428656;0.702235048474694
0.530616666163591;0.6772305381829541
0.7210012773813448;0.01765788269554064
0.7105263157894739;0
0.7150146012902676;0.03906629780718241
0;0.09949322712894051
0;0.07959458170315231
0.024466650096519205;0.09062127401411997
0;0.059695936277364234
0.0170187296999452;0.06921523891366
0;0.21888509968366937
0;0.19898645425788108
0.022815343332142465;0.21088512835401
0.03897044173509137;0.3921111900615745
0;0.45766884479312714
0;0.4377701993673389
0.02271091821578648;0.44983554829919753
0;0.41787155394155084
0.022531947109749057;0.4100982268717706
0.016689094736886335;0.42930513503483914
0.039207270304758984;0.4318002543911006
0.04806334147241809;0.4521082464120384
0;0.039797290851576156
0.019327308111127282;0.03135932676362383
0.0337197726196208;0.022284369756193658
0.03790479208270593;0.03766788269748669
0.050047537488099425;0.021345152846077714
0.05921052631578949;0
0.016797518253159397;0.1904155301047052
0;0.17908780883209297
0.5726213209278975;0.6775500640755732
0.6329421469284797;0.7042552380731231
0.6898719648917726;0.691231961793588
0.6513744792091244;0.7148823334527581
0.6648118092088062;0.7330891653904745
0.6740118814739884;0.7108723047924353
0.75;0.6765539444767956
0.7316941733306335;0.6681231282048026
0.75;0.6566552990510076
0.7152365966100469;0.6583223901433864
0.7106570154374562;0.6808037820934133
0.7309264643422813;0.6881656092277547
0.2917041749864977;0.6786311546449979
0.37188328574857643;0.678059662788517
0.3314142689317872;0.6782292558085696
0.211980865726407;0.6797214021738832
0.2286898578871853;0.6393875121706432
0.19225214065629612;0.651582684128392
0.27161555171204826;0.636572982288251
0.31145929881193773;0.644740913983006
0.24834623494362812;0.5995931995468772
0.13114349073386056;0.6782723156712868
0.15340412515961802;0.639691080968519
0.04801426704216498;0.5322826401270163
0.09484973378777925;0.6769978957665478
0.08259089825158611;0.7070187581353083
0.038506983773961;0.718338355754826
0.056037356707913225;0.7056888315132529
0.040667742575809955;0.6938111069001069
0.03886623573782358;0.553149932589038
0.0464753711428184;0.5749247886132453
0;0.6367566536252204
0.021276727832411597;0.6487032871294777
0.021142167166124427;0.6295694885746632
0.03435629805601549;0.6192924521547287
0.041969591433041124;0.6388270818092352
0.06405061551720874;0.6840893429584708
0.06311555026008986;0.6184352737091203
0.06771629438266034;0.6544668421765999
0.038924971214351095;0.5940181936048354
0.06316116888906737;0.5894129231819133
0;0.47756749021891526
0.02291239246443773;0.4898436615320361
0.016965284180649107;0.469136564495539
0.039007126281033526;0.4717128386936837
0.07189966032815165;0.4743279060924045
0.0482797276119414;0.4923177957494677
0.10827358804707037;0.6362708935200535
0.09338075418968986;0.5942535784511722
0.19273983380831933;0.6036417862116236
0.13525044614280382;0.6007393499706376
0.15892827467737214;0.5545943606037829
0.07400337569449916;0.5568247184381735
0.07222569946711047;0.5148047918027167
0.11325359984000481;0.5696390155350389
0.11280975144396872;0.5322325579207675
0.6857861896406126;0.6619365220825232
0.6154130100060266;0.6780520256596704
0.6553941374679403;0.6835048339517833
0.4515644119749765;0.6784965223819343
0.4122359955151593;0.6785501258972699
0.393483701920658;0.6451150074702444
0.4909143020155904;0.6785929616367103
0;0.3382769722383982
0.01672461078246194;0.3496939069135682
0;0.31837832681261014
0.022694737822869133;0.3303354711971205
0.016794200269564002;0.30988426126524765
0;0.2984796813868219
0.022719799600138788;0.29056417890268726
0.04779571907200742;0.37269576558076367
0.03977270372875383;0.3521985053508874
0.04773412906341792;0.41261167673757226
0;0.23878374510945732
0.022726905860063103;0.251051221839365
0.016767275521836;0.23022515861738313
0.03957600696064111;0.27250215495234353
0.7115039901403479;0.061912258704534956
0.75;0.1193918725547287
0.75;0.1392905179805168
0.7289844244339037;0.12627212428019638
0.7369062237470186;0.10763481807959499
0.75;0.0994932271289406
0.7324944451120113;0.07052295429164335
0.75;0.07959458170315246
0.7329283197742291;0.09107429783768281
0.7134582341093259;0.10430289934866158
0.7186615273135522;0.08174581038408318
0.4377344915610198;0.6339392035823569
0.3971075189986157;0.5998308281551187
0.44814662101088965;0.5794929924894894
0.7350476463289157;0.1486587660260822
0.75;0.1591891634063049
0.7281050935276362;0.1667466237561094
0.75;0.17908780883209305
0.7348019193039919;0.1886450156150884
0.75;0.19898645425788117
0.75;0.31837832681260986
0.75;0.338276972238398
0.7278782205299951;0.3263521059059695
0.7349373680959362;0.30827412413754945
0.7346606134675174;0.22852018928939682
0.75;0.21888509968366926
0.75;0.23878374510945738
0.727702387547393;0.2468843333198598
0.75;0.25868239053524544
0.734456368299057;0.2682100854776472
0.75;0.2785810359610337
0.75;0.2984796813868217
0.7348344030744839;0.3478701923492508
0.75;0.35817561766418604
0.7276095982317243;0.3660048180452342
0.75;0.37807426308997416
0.75;0.6367566536252196
0.7293685046745346;0.6457111551979956
0.7280422475363831;0.6263199677625131
0.75;0.6168580081994314
0.7277740051631306;0.6060248967345457
0.7337229653688112;0.5869261051408036
0.7064940014867522;0.5874844219267159
0.75;0.5969593627736434
0.75;0.5770607173478552
0.7270433525005424;0.5658302750510057
0.75;0.5571620719220672
0.734280596187785;0.5468270009956369
0.75;0.537263426496279
0.7350966754731516;0.38792840784339444
0.75;0.39797290851576234
0.7277437476508075;0.4057894139663629
0.75;0.41787155394155034
0.7350452139231113;0.4277368095370765
0.75;0.43777019936733846
0.7278726977838273;0.4457323635004899
0.75;0.4576688447931267
0.7352308009121902;0.46741456229471057
0.75;0.4775674902189148
0.5105368064798563;0.6413493820679891
0.4752392035438162;0.6483375559192768
0.4801616229491666;0.6051938393726437
0.75;0.5173647810704909
0.7275579029848698;0.5251121342135223
0.735130353841449;0.5071434920780172
0.75;0.4974661356447029
0.5516526601285796;0.6394155831182115
0.7277044322689356;0.4854111749377046
0.7109191771451078;0.5032789666768724
0.702168887121134;0.5225133220211634
0.710367349699514;0.4638794110121544
0.7018171196505641;0.48277257643420113
0.6907894736842108;0
0.6983344745491665;0.024469887477449832
0.5830503857989637;0.015226984853334588
0.5723684210526319;0
0.592105263157895;0
0.6790264188886805;0.016390085396136855
0.6394376248728153;0.013235807612119331
0.6513157894736845;0
0.6586674301342365;0.020222791281842237
0.6710526315789476;0
0.6315789473684214;0
0.5645777459616274;0.021521982367911464
0.5526315789473687;0
0.4814956170500029;0.015356111405517781
0.47368421052631593;0
0.4934210526315792;0
0.7128553937364019;0.14579244564122593
0.7278185536457281;0.2070247950326195
0.5242768830249512;0.016254343115649408
0.5131578947368425;0
0.5328947368421055;0
0.5431900646736141;0.021223409259924796
0.6118421052631582;0
0.6013367720455476;0.02016502822425126
0.6224008808698179;0.017014315571003667
0.6374060639026007;0.0330680596796571
0.6888486367747189;0.08329766929445098
0.6888452008850555;0.11045910403796387
0.6123981202454025;0.040071555992368266
0.6922461962457561;0.053066192958218995
0.6318878569740425;0.05901521601042389
0.6653765549511891;0.07002351078754204
0.5019016887810299;0.023572733504696332
0.048362656956429995;0.25267035937622484
0.04072892782055552;0.2327098266380927
0;0.15918916340630487
0.022383559138495077;0.17137749230409807
0;0.13929051798051667
0.016608442678252164;0.15085414533730448
0;0.11939187255472872
0.017348876015121067;0.11068445615213227
0.023088082112390187;0.13183903661017118
0.021507928791798834;0.05049057260845384
0.041610584477847004;0.11406000987550406
0.0875525313157518;0.014672911165466603
0.07894736842105268;0
0.0986842105263158;0
0.0680299610864725;0.01913671243214991
0.050219768356421175;0.09420029705823685
0.044300221081238524;0.06613384246695878
0.059320199657685146;0.038718149378918
0.07827484835077794;0.03052946754225882
0.10459585830770438;0.012646942464119933
0.118421052631579;0
0.09856953820019441;0.034923777682776734
0.048955853703724836;0.21374609907333916
0.03904479955733445;0.19263768344095233
0.03940135212224216;0.15377611122863039
0.0487927643477828;0.17443532933294276
0.3552631578947369;0
0.3750000000000001;0
0.3630206531175158;0.022351700517379912
0.34357870135133006;0.015751170274926823
0.33552631578947373;0
0.2171052631578948;0
0.23684210526315794;0
0.2257786844881308;0.023046467151117116
0.20535138704151645;0.014662021791183422
0.1973684210526316;0
0.18790939211843535;0.018866236988083575
0.1776315789473685;0
0.5845559442018886;0.03947427379787125
0.46447633537820165;0.018890823052197577
0.4539473684210529;0
0.444366246035926;0.022057211167567106
0.43421052631578966;0
0.42438232331596176;0.016322637146606683
0.3842401565389783;0.01618649282363161
0.4144736842105265;0
0.3947368421052633;0
0.07134101350426826;0.43459183113094024
0.07126896479428901;0.3949472797855358
0.15215241144679775;0.49847891932734767
0.1154897072840444;0.45719926447587456
0.10109080431880521;0.49635668462542115
0.3974862226880892;0.5391020865608186
0.1554370186197321;0.4431504278274244
0.20923742414887642;0.47188495616316
0.11480039031868124;0.4180094974408623
0.0721227008261243;0.355105845695262
0.0485281556773192;0.3327492211188036
0.039339204979889665;0.31225362444722227
0.07159576651549363;0.3157874502190465
0.048286773990865714;0.2931856337324357
0.07233215021411399;0.27571926862755647
0.11750435036740432;0.30362325948607893
0.2075021732872982;0.4230472539054924
0.25845227765712;0.4527079330624405
0.700242798919545;0.5633388019468101
0.7102210563544428;0.543726396796339
0.705857297087301;0.6382416729305967
0.7055085246935576;0.6154527142188296
0.6868552583166269;0.6013593149151325
0.6421769888789622;0.6470491444285139
0.6783995235488677;0.6281683271647137
0.6770099847496845;0.5756982761762794
0.5322516337482319;0.5906570198565769
0.5965615943549071;0.6464162917541065
0.3519842425028542;0.6310211359655179
0.35761173767187165;0.5797507677011176
0.21518818947723378;0.5658684859133748
0.21008141813661005;0.5219328194499414
0.2495342162087802;0.49477512307250476
0.3076098805831478;0.5941522144319019
0.26655026794143616;0.5425828593902098
0.3321039527764693;0.5363660995455107
0.3614327115753456;0.4838980046891921
0.2982086440822896;0.4908821940004297
0.10258944043014705;0.34251136814384003
0.14491458714436636;0.3480326678522265
0.10786914593984744;0.37581713935764993
0.2550041560431708;0.3960374734921235
0.703806398706115;0.12344986547037662
0.7026208754228274;0.16483475363488265
0.4586004790696478;0.5317937333564904
0.49912891227542217;0.5569700348920851
0.7108481338656167;0.2657006725462236
0.7026483868034262;0.2453906361687104
0.7278172243288654;0.28674856289841816
0.7029537290934701;0.28567172765572163
0.7021380473089488;0.44381416351707365
0.7113494943182365;0.4244689822263965
0.711144656771779;0.38431652381715126
0.7019602832874721;0.40353040890381786
0.7108679083703079;0.3052844015789671
0.7030409314489029;0.3243543659436536
0.7111398684416457;0.34455930090493225
0.7025248250186165;0.3638009612721507
0.679445755643935;0.3419968124660373
0.6800453995490608;0.30349187154724
0.6784700937987126;0.2645842000729049
0.7118898999529741;0.1857541434424992
0.7107871546273011;0.22560987446047986
0.6788961583838278;0.38082021761482565
0.678294744262171;0.42057315046360055
0.6477740991651554;0.3999486551438665
0.6517105994006932;0.31843155936683515
0.6348583750640272;0.3547836389097663
0.6778352590840387;0.5397270245349997
0.5771986167500742;0.6087101678900292
0.6138479703524667;0.6152874361925242
0.5723407472787484;0.5730639031575291
0.6489210345653668;0.6021569691657663
0.635624916796732;0.5599304227841522
0.6290278423585177;0.514464654183888
0.6114057326676832;0.5844726136956262
0.6012732820852974;0.39245276403598683
0.5856932942282499;0.42836692847720376
0.5464947717773161;0.3920022104734811
0.5463761654843957;0.4532096393807479
0.5112341594928183;0.49234698143856154
0.5734362235371302;0.5048296057574998
0.548134071969704;0.5426570457060861
0.592325762852784;0.5454269605826381
0.6002938960588172;0.47266749115587514
0.6784572585657541;0.46083526824500914
0.6786212880538772;0.5001647799281334
0.6324419648870873;0.43582105303044916
0.6423703754536074;0.47767011008611326
0.6752771297772677;0.039849528914046646
0.6531627735470115;0.04313698189819725
0.557967811429038;0.04174350702664139
0.5264707772996041;0.043768916891641516
0.4792883649312734;0.03665713762836369
0.6784507234944374;0.13952058722942587
0.6781905238501321;0.18199538382386318
0.7028271300940199;0.2051984170513371
0.6780141380085588;0.2238268595790515
0.6015775344475807;0.06336780562153428
0.5774896777094555;0.06119048493270156
0.6628106484640428;0.1062091841850799
0.31556744371081613;0.43099077868983476
0.3785592183145976;0.43133130131605146
0.6104425571808473;0.31278501312105206
0.6452917489203305;0.2844688509861927
0.6408870294081291;0.24415060767834118
0.6285274360293428;0.09395004001524074
0.6416450493063222;0.12527615591767985
0.5006030911110688;0.049741431328687746
0.5178439135560207;0.08083384620343492
0.550510191404959;0.07320039367786822
0.5844250343165966;0.0915824244814831
0.5999433385049242;0.1311312444108187
0.5820595764506162;0.3460553371521058
0.5230541596574177;0.3249170659171595
0.07232143866237521;0.23525272992751362
0.07230212685657667;0.1580038693097773
0.04855854393833368;0.13474120715815946
0.0752365288558687;0.11626114173715368
0.06908772892403678;0.08297229841552405
0.08019062315560595;0.05660154259075289
0.09915423273593775;0.08302286075585161
0.11355234122508397;0.05458526246681384
0.12789503330527768;0.07288524278699586
0.12503454733400024;0.022991276090451724
0.13815789473684215;0
0.15789473684210537;0
0.16741546736785534;0.023288415990819503
0.14720665540911446;0.016702254710301973
0.1464459054358297;0.04425818718600427
0.2024484143806308;0.036845206110831405
0.17914391659850046;0.04496951977916068
0.07138010786292087;0.19795317634394355
0.20054146189676478;0.07103026664736922
0.2237744572329211;0.048431139518318296
0.3817348199509083;0.03774099843464257
0.36052045987469095;0.046202218470667265
0.34074459729101453;0.03886354404928394
0.30372935897709336;0.012910076183650816
0.2960526315789474;0
0.31578947368421056;0
0.3232988431370927;0.020833208045815968
0.30075882786064423;0.03584668974574767
0.2868807322444256;0.016961051185047964
0.2763157894736842;0
0.24907078388438952;0.041199825297752755
0.2565789473684211;0
0.247798519571526;0.01642760602417447
0.2663549291399016;0.0211174528187929
0.42508079378164004;0.04251648008905706
0.45545294757572313;0.04224651030812436
0.475079616993913;0.07249551103659128
0.44193310885075027;0.06325038061570837
0.39975454482471756;0.04743717203460113
0.4121327095321809;0.07427077723017751
0.40328492682946315;0.023038670763805374
0.3616189670543069;0.37580421149810134
0.47502530017652095;0.36222232743289223
0.4354791921233265;0.47427755926778453
0.4921263048561439;0.4313400258282947
0.42728690302767314;0.3986222577319129
0.17449858862677894;0.3138720032753934
0.1554580289036825;0.39498652790975564
0.15324679193508123;0.265181672415104
0.10829627317875555;0.260594830899686
0.2710759227268635;0.3003952094425374
0.29708300540633065;0.3618145102920878
0.23279340022415995;0.3365556538648161
0.3389695891403642;0.31302675422399356
0.1967161109146777;0.36854226025303266
0.20952150854686122;0.282159736921065
0.5997345032485755;0.26767662621511584
0.5623848871421199;0.2941587795681794
0.6372261534029284;0.1602126283145437
0.64019410117482;0.20362388886215846
0.5980371496825456;0.22246057829782512
0.6010332668229611;0.1815700035202702
0.5658413922585824;0.15905154462168863
0.5570314771473566;0.19486156951057165
0.5541983415420341;0.24077038884760413
0.4420845286273261;0.11060561722539732
0.49680951889756564;0.11674069395920834
0.5476104846868962;0.11683980573686577
0.5255152547000772;0.16147820158375328
0.4673559920063237;0.29250204139562425
0.5106772000444386;0.2633744987560516
0.5114332073053168;0.20672900628973395
0.4526717648007044;0.2241549157921785
0.4736015685116604;0.16294436744056187
0.414953348090972;0.16470448197209317
0.3829498082301678;0.21953040067365434
0.16227586687386994;0.07946238190681268
0.12947353395775033;0.11407243025776902
0.2423482155172232;0.24620409312406333
0.17712204695953623;0.10906937370407699
0.11951821190680728;0.2225737564678104
0.1792111160768846;0.22983917294911618
0.10993059918222431;0.18072511328426563
0.11851162824857465;0.14908231850711076
0.15420905977152224;0.17990731695780643
0.15449565448228417;0.14152623792227398
0.3206967660649851;0.04604814306583396
0.3805483550887195;0.11063260465120692
0.2229427977961304;0.11058502524958551
0.34074048972203613;0.07271775394320741
0.38038012039243696;0.06664397188670056
0.3586875943329863;0.16092911667510365
0.3113349622131507;0.10021552836785372
0.33957097476702314;0.1186822868638727
0.30177865106021945;0.1471561616685878
0.19406385804150258;0.15038925860533794
0.248726658613557;0.15157188595755022
0.2996068892539812;0.06853874277222165
0.2783984126763052;0.04265506409925583
0.26949701572097706;0.1022811995582679
0.2388916601482771;0.07390708090895447
0.26635412951026755;0.0627555131532355
0.41568554515440403;0.267977965240866
0.3730485370243819;0.27535735683849616
0.40481130073113253;0.3268276252969925
0.31727069693937743;0.2487447472671238
0.3261462046239235;0.1932078050760809
0.21423107629171761;0.19520232928811762
0.2757646057935552;0.19873912472147917
% Elements (triangles)
1;2;3
4;3;2
2;1;5
6;7;8
6;9;7
10;11;12
11;13;14
12;11;14
13;15;16
16;14;13
15;17;18
16;15;18
19;17;20
19;18;17
21;22;23
22;10;24
23;22;24
12;24;10
25;26;27
28;5;1
29;30;31
32;33;34
30;35;36
31;30;36
35;32;37
37;36;35
37;32;34
38;29;39
31;39;29
40;38;39
41;38;40
2;42;4
2;5;42
42;43;4
44;45;46
44;47;45
44;46;48
49;50;51
52;51;50
52;53;51
54;55;28
5;28;55
55;54;56
55;57;5
42;5;57
58;55;56
58;57;55
59;21;60
23;60;21
61;59;62
62;59;60
26;61;63
27;26;63
62;63;61
62;64;63
62;60;64
65;64;60
12;66;24
12;14;66
23;67;60
23;24;67
67;65;60
66;68;24
68;67;24
65;67;69
67;68;69
20;70;71
19;20;71
72;73;70
73;71;70
74;8;75
6;8;74
76;77;9
6;76;9
6;74;76
78;79;72
73;72;79
80;78;77
80;79;78
77;76;80
81;82;75
74;75;82
83;84;81
82;81;84
85;83;86
85;84;83
85;87;84
88;89;90
91;90;89
89;92;91
91;92;93
94;95;96
96;97;94
92;98;93
99;93;98
98;100;99
100;94;97
99;100;97
96;101;97
16;102;14
16;18;102
103;14;102
103;66;14
103;102;104
105;102;18
105;104;102
19;106;18
19;71;106
105;18;106
107;106;71
108;109;110
111;112;108
111;108;110
111;110;113
114;56;54
115;112;116
111;116;112
111;113;116
117;118;115
117;115;116
33;119;120
120;34;33
119;25;121
120;119;121
27;121;25
120;122;34
120;121;122
37;123;36
37;34;123
123;124;36
122;125;34
125;123;34
27;126;121
27;63;126
126;127;121
127;122;121
64;128;63
128;126;63
109;129;130
130;110;109
131;132;133
129;131;134
130;129;134
133;134;131
132;41;135
133;132;135
40;135;41
133;136;134
133;135;136
31;137;39
31;36;137
124;137;36
138;136;135
40;139;135
40;39;139
139;138;135
137;140;39
140;139;39
141;142;143
143;142;144
142;145;144
146;147;148
48;46;149
48;149;150
151;150;149
43;42;152
152;42;57
152;153;43
154;113;110
130;155;110
130;134;155
155;154;110
156;134;136
156;155;134
156;136;157
136;138;157
44;158;47
44;48;158
47;158;159
150;160;48
158;48;160
161;162;163
164;165;162
165;163;162
166;167;168
143;144;169
170;171;172
173;141;174
143;174;141
143;169;174
171;173;175
175;172;171
175;173;174
175;176;172
175;174;176
176;177;172
178;49;179
51;179;49
180;179;51
180;51;53
180;181;179
180;53;182
180;182;181
183;182;53
184;168;167
167;185;184
154;155;186
155;156;186
156;157;186
113;187;116
58;188;57
117;116;189
187;189;116
118;190;114
56;114;190
117;190;118
117;189;190
56;190;191
58;56;191
189;191;190
191;188;58
192;193;194
195;193;196
196;57;188
153;197;192
193;192;197
152;197;153
197;196;193
152;57;197
197;57;196
128;64;198
64;65;198
65;69;198
125;122;199
127;199;122
127;126;200
127;200;199
126;128;200
128;198;200
68;66;201
68;201;69
66;103;201
103;104;201
201;202;69
203;201;104
203;202;201
198;69;204
202;204;69
205;200;198
205;198;204
204;202;206
105;106;207
105;207;104
106;107;207
104;207;208
203;104;208
101;209;97
107;210;207
73;211;71
73;79;211
107;71;211
107;211;210
82;212;74
80;212;79
80;76;212
76;74;212
213;79;212
213;211;79
84;214;82
82;214;212
84;87;214
213;212;214
99;215;93
99;97;215
209;215;97
215;216;93
86;217;218
85;86;218
85;218;87
217;88;219
219;218;217
90;219;88
220;219;90
219;221;218
218;221;87
220;221;219
214;87;222
222;210;211
213;214;222
213;222;211
220;223;221
222;87;224
221;224;87
221;223;224
222;224;210
91;225;90
91;93;225
90;225;220
220;225;223
216;225;93
216;226;225
226;223;225
95;227;228
96;95;228
96;228;101
227;170;229
229;228;227
229;170;172
229;230;228
229;172;230
177;230;172
177;231;230
230;232;228
232;101;228
232;230;231
210;233;207
210;224;233
208;207;233
224;223;233
226;234;223
234;233;223
203;235;202
203;208;235
202;235;206
236;208;233
208;236;235
234;236;233
236;237;235
216;215;238
216;238;226
215;209;238
226;238;234
209;101;239
209;239;238
101;232;239
232;231;239
240;234;238
240;236;234
240;237;236
239;241;238
240;238;241
240;241;237
195;196;242
188;242;196
187;113;243
113;154;243
154;186;243
189;244;191
191;244;188
187;244;189
187;243;244
188;244;242
140;137;245
124;245;137
124;123;246
124;246;245
123;125;246
125;199;246
247;246;199
138;139;248
138;248;157
140;248;139
140;245;248
145;249;250
250;144;145
249;251;252
250;249;252
253;252;251
251;254;253
254;146;255
253;254;255
148;255;146
256;169;144
250;257;144
250;252;257
257;256;144
169;258;174
258;176;174
147;259;260
148;147;260
259;166;261
261;260;259
261;166;168
148;262;255
148;260;262
160;150;263
264;265;266
267;264;266
267;268;264
150;151;269
269;263;150
270;269;151
268;271;270
269;270;271
267;271;268
271;267;272
267;266;272
273;269;271
273;263;269
273;271;272
245;246;274
247;274;246
247;275;274
275;276;274
277;266;265
277;265;278
277;278;279
278;280;279
281;279;280
281;280;282
283;284;285
286;283;285
287;288;289
287;289;290
289;291;290
292;290;291
292;291;293
286;294;283
295;285;284
295;284;296
295;296;297
296;298;297
299;194;300
193;300;194
195;300;193
300;301;299
302;299;301
301;303;302
304;303;305
306;302;303
304;306;303
304;307;306
304;308;307
304;305;308
309;307;308
310;309;308
310;311;309
312;297;298
312;298;313
312;313;314
313;315;314
316;314;315
316;315;317
316;317;318
317;319;318
320;318;319
320;319;321
157;248;322
323;248;245
323;322;248
323;245;274
323;324;322
323;274;324
324;274;276
325;311;326
310;326;311
327;328;325
327;325;326
157;329;186
322;329;157
321;328;330
320;321;330
327;330;328
330;327;331
327;326;331
332;331;326
320;333;318
320;330;333
331;334;330
334;333;330
335;159;336
158;336;159
160;336;158
337;338;339
340;335;336
341;342;343
342;344;343
344;335;340
340;343;344
341;345;342
338;346;347
337;346;338
348;349;350
277;351;266
277;279;351
282;288;352
281;282;352
287;352;288
353;354;355
347;356;355
353;355;356
356;347;346
339;357;358
337;339;358
345;359;357
359;358;357
341;359;345
341;360;359
341;343;360
273;361;263
273;272;361
362;361;272
358;359;363
359;360;363
160;364;336
263;364;160
364;263;361
360;365;363
361;366;364
350;354;367
348;350;367
353;367;354
368;262;260
261;369;260
261;168;369
368;260;369
185;370;371
184;185;371
370;372;373
373;371;370
374;161;375
375;161;163
372;374;376
373;372;376
375;376;374
164;178;377
165;164;377
179;377;178
179;181;377
375;378;376
375;163;378
379;380;381
183;380;382
382;182;183
379;382;380
383;378;163
165;384;163
165;377;384
383;163;384
377;181;384
182;382;385
182;385;181
181;385;384
386;382;379
386;385;382
387;379;381
387;381;388
379;387;389
386;379;389
390;369;168
184;391;168
184;371;391
391;390;168
373;392;371
373;376;392
392;393;371
393;391;371
394;395;396
397;394;396
397;398;394
399;400;401
402;399;401
403;404;405
402;403;399
402;404;403
337;406;346
337;358;406
358;363;406
348;407;349
349;407;408
407;409;408
408;409;410
411;410;409
412;396;395
411;413;410
412;395;414
177;176;415
177;415;231
176;258;415
258;169;416
258;416;415
256;416;169
241;417;237
231;415;418
419;239;231
419;241;239
419;231;418
419;417;241
419;418;417
275;420;276
418;421;417
421;422;417
415;416;423
423;418;415
418;423;421
256;257;424
256;424;416
425;257;252
257;425;424
253;426;252
253;255;426
426;425;252
425;426;427
425;427;424
262;428;255
428;426;255
426;428;427
428;262;429
428;429;427
262;368;429
427;429;430
431;422;421
422;431;432
433;308;305
310;434;326
310;308;434
434;332;326
433;434;308
300;435;301
195;435;300
195;242;435
303;301;436
436;305;303
436;301;435
437;305;436
244;243;438
244;438;242
435;439;436
437;436;439
435;242;439
439;242;438
433;305;440
437;440;305
329;322;441
324;441;322
442;243;186
243;442;438
186;329;442
199;200;443
247;199;443
205;443;200
247;443;275
444;275;443
444;420;275
445;206;235
445;235;237
237;417;446
445;237;446
446;417;422
447;446;422
447;422;432
205;448;443
205;204;448
444;443;448
204;206;448
206;449;448
445;449;206
447;449;446
445;446;449
444;448;450
444;450;420
450;448;449
450;451;420
452;450;449
450;452;451
447;452;449
447;432;452
424;427;453
453;427;430
453;430;454
416;424;455
455;423;416
453;455;424
453;454;455
456;432;431
351;457;266
457;272;266
457;362;272
458;351;279
459;276;420
460;441;324
324;276;460
459;460;276
292;461;290
462;290;461
293;294;463
292;293;463
286;463;294
292;463;461
464;461;463
333;465;318
316;466;314
316;318;466
465;466;318
312;467;297
312;314;467
466;468;314
468;467;314
286;469;463
286;285;469
464;463;469
470;469;285
295;471;285
295;297;471
471;470;285
467;472;297
472;471;297
470;471;473
472;473;471
464;469;474
469;470;474
470;473;474
462;461;475
464;475;461
464;474;475
281;476;279
281;352;476
476;458;279
287;477;352
287;290;477
462;477;290
472;467;478
472;478;473
468;478;467
468;466;479
468;479;478
466;465;479
480;478;479
481;474;473
473;478;482
481;473;482
480;482;478
332;434;483
433;483;434
433;440;483
484;442;329
484;329;441
485;438;442
485;442;484
486;484;441
437;487;440
439;438;487
437;439;487
485;487;438
440;488;483
487;488;440
488;489;483
490;488;487
485;490;487
485;484;490
486;490;484
480;491;482
492;493;491
492;494;493
460;459;495
494;496;495
497;495;496
441;460;497
486;441;497
497;460;495
488;498;489
498;496;489
490;498;488
498;497;496
486;498;490
486;497;498
492;499;494
499;489;496
499;496;494
465;333;500
465;500;479
334;500;333
334;331;501
334;501;500
331;332;501
332;483;501
501;483;489
479;500;502
480;479;502
480;502;491
492;502;499
492;491;502
500;501;503
503;502;500
503;501;489
503;499;502
503;489;499
340;504;343
340;336;504
504;336;364
504;364;366
505;343;504
505;360;343
505;504;366
360;505;365
505;366;365
346;506;356
506;346;406
353;507;367
353;356;507
356;506;507
348;508;407
348;367;508
457;351;509
457;509;362
351;458;509
458;476;510
458;510;509
511;352;477
511;476;352
511;510;476
511;477;512
511;512;510
462;512;477
462;475;512
363;513;406
363;365;513
406;514;506
514;406;513
362;515;361
362;509;515
361;515;366
432;456;516
432;516;452
452;516;451
517;451;516
481;482;518
475;474;519
481;519;474
481;518;519
512;475;520
519;520;475
365;366;521
515;521;366
365;521;513
515;509;522
522;521;515
523;367;507
508;367;523
523;507;524
525;524;507
506;525;507
514;525;506
514;513;526
514;526;525
513;521;526
526;521;527
522;527;521
491;528;482
518;482;528
491;493;528
528;493;529
368;369;530
368;530;429
369;390;530
393;392;531
532;376;378
532;392;376
392;532;531
532;378;533
532;533;531
383;533;378
383;384;534
383;534;533
386;535;385
386;389;535
534;384;535
385;535;384
534;535;536
534;536;533
389;537;535
536;535;537
538;536;537
387;388;539
387;539;389
389;539;537
388;540;539
541;405;542
404;542;405
540;541;543
543;539;540
543;541;542
543;544;539
543;542;544
539;544;537
538;537;544
402;545;404
402;401;545
542;404;546
542;546;544
545;546;404
390;391;547
390;547;530
393;547;391
393;531;547
546;545;548
549;545;401
549;548;545
412;550;396
551;396;550
397;396;552
551;552;396
553;554;555
555;398;556
553;555;556
397;556;398
397;552;556
553;556;557
553;558;554
553;557;558
554;558;559
549;401;560
561;562;400
562;401;400
562;560;401
561;559;563
562;561;563
558;563;559
562;563;560
411;409;564
409;407;565
409;565;564
508;565;407
565;508;566
523;566;508
523;524;566
567;564;565
567;565;566
568;564;569
567;569;564
414;413;570
412;414;570
411;570;413
412;570;550
411;564;570
568;570;564
568;550;570
517;516;571
529;493;572
459;420;573
459;573;495
451;573;420
517;573;451
574;572;493
494;574;493
494;495;574
574;495;573
572;574;575
517;575;573
574;573;575
517;571;575
454;430;576
423;455;577
423;577;421
454;577;455
421;577;431
578;576;430
429;530;579
579;430;429
579;578;430
580;581;582
456;582;581
581;580;583
456;581;516
581;583;571
581;571;516
577;454;584
584;431;577
454;576;584
431;584;456
584;576;582
582;456;584
576;578;585
585;582;576
582;585;580
520;519;586
518;586;519
586;518;587
518;528;587
587;528;529
509;510;588
522;509;588
522;588;527
512;589;510
589;588;510
520;589;512
589;520;590
586;590;520
588;591;527
588;589;591
591;589;590
592;527;591
591;590;593
592;591;593
590;586;594
594;593;590
586;587;594
569;567;595
567;566;595
524;596;566
566;596;595
525;597;524
524;597;596
525;526;597
526;527;597
592;597;527
597;598;596
592;593;598
592;598;597
529;572;599
594;587;600
587;529;600
600;529;599
593;601;598
593;594;601
594;600;601
601;600;602
599;602;600
596;603;595
604;595;603
603;596;598
598;601;603
603;602;604
601;602;603
605;604;602
538;544;606
546;606;544
546;548;606
538;607;536
538;606;607
536;607;533
608;580;585
606;609;607
606;548;609
530;547;610
579;530;610
579;610;578
578;610;611
578;611;585
585;611;608
547;531;612
612;610;547
531;533;613
612;531;613
607;613;533
612;614;610
612;613;614
614;611;610
613;607;615
615;607;609
615;614;613
552;616;556
616;557;556
569;595;617
595;604;617
548;618;609
616;552;619
551;619;552
551;550;620
551;620;619
568;620;550
568;569;620
620;617;619
620;569;617
621;617;604
621;604;605
622;619;623
623;619;617
623;624;622
623;617;621
623;621;624
615;609;625
609;618;625
615;625;614
618;626;625
616;627;557
616;619;627
622;627;619
563;558;628
563;628;560
557;628;558
557;627;628
622;629;627
618;629;626
622;624;629
626;629;624
549;560;630
549;630;548
630;618;548
630;629;618
631;630;560
631;560;628
628;627;631
631;629;630
631;627;629
632;605;602
632;602;599
633;605;632
599;572;634
632;599;634
575;634;572
571;583;634
632;634;633
633;634;583
571;634;575
633;635;605
583;580;635
633;583;635
580;608;635
636;624;621
636;621;605
636;605;635
611;614;637
625;626;637
625;637;614
637;608;611
626;624;638
626;638;637
636;638;624
608;637;638
636;635;638
638;635;608
% Data (solid.pmGp (N/m^2))
53.154905077210564
379.57315439663245
84.22724874496058
434.1203404888225
473.4607622428536
350.8181177011448
57.04635374833272
542.9609814601118
3.475305060908022
296.21235976454926
249.16306546402902
702.5385784348191
170.06639458993942
819.4628688733989
138.02191307526698
643.9508295558462
107.351576702965
752.1111692692282
597.2461675492754
41.424506038268284
393.04108935713657
315.7037418540892
818.2444392221034
925.1326763287018
501.1287803504777
460.3801420321427
935.094780034348
19.46754539132583
546.1929395913567
521.0781962402502
1007.5070923917276
518.871729508721
525.686566053049
1142.885120211746
539.1581370058788
1159.2386517914244
1017.7804967401811
518.4652444939097
1135.5266813331548
957.4032809621382
511.05909824649547
575.2117850848321
473.48997778148646
0.9546761728931982
-0.8362575397767404
14.28395206971281
-3.7382003559740298
10.77118649623346
-8.936889593558574
-1.8867067068037073
1.2789189150253437
-0.4375855901261376
-8.486936655886808
87.01072991999126
546.7252365945313
600.1872783656252
688.3637708645613
738.9339554391207
394.8656644832509
993.620430619062
451.9290888172383
909.8836992596462
1061.2194067935204
1235.474704619797
1232.2100814935736
1086.9195712331637
1166.1926914649732
1181.1821588104224
1204.4378628571553
-6.726975732810421
710.2256072912959
-27.959443757136626
529.1348893044898
712.1779890684047
838.1477547732584
377.14531899153303
6.61450323669181
-29.428107151766756
640.2786191812295
397.1752460201225
982.7122908307116
938.213534736578
1053.8471474221753
1044.8169031574105
1072.0492706444056
1079.4819310120547
1040.8158198114302
1043.977364582118
1010.9524575985433
973.9155608109191
941.4608249566675
963.8554564194866
853.5197587913447
817.4901023997714
770.7515097459474
701.9425130554879
723.3488221448873
917.6157510074294
815.9147837779113
865.5415149420611
583.5082830898576
1000.5974695983929
1089.3718058926902
1083.5654535137153
1028.2011332292823
958.8292643876445
981.79030252345
261.04951522158524
345.11840859962484
926.4234617968422
683.6787314530353
208.69363367649484
1028.245582698559
116.54880780118744
200.43151395155738
773.6955559014161
527.1567372626113
103.0143577941155
486.59308592151484
1005.7587406963673
1126.7064947749307
1321.5080038105214
1354.5172223363809
1379.91163954804
1388.350727477809
1310.1981960404744
1358.9962941818999
1308.1428819420687
359.3927676592015
850.381550819721
445.6212063876026
472.0221942946364
924.4507745133742
1032.3994466489883
1100.1965105164898
1243.3635111560889
1350.20396807715
1316.8139340021812
1311.903469335701
1368.5784563985812
558.863301670137
524.5595882778106
457.6754012824646
406.97353697242073
491.76607297398124
368.57656818331833
337.8556315687775
327.190416298098
52.10485816930575
29.075142720865205
81.82357968169033
538.7254370819637
362.84749206287734
1138.8304365185966
1148.5071335961284
1247.6864298442483
1234.7465556767022
-23.862378952406072
-23.122925372637454
-24.082546915581148
61.52879608357415
28.89552918249356
115.99606350796758
6.129958169729549
61.72489891777608
272.2617870171395
240.36826046221043
265.74207666452077
354.40860379998526
677.6540827012885
634.8558168231443
528.3741660227786
596.3553501457573
459.12078326505537
523.0334619089145
406.678825992037
394.808003783811
-9.318142004277338
14.977217070911939
25.869733119722195
57.65108472632528
38.18845019780532
-19.484654400013437
240.79164296250656
203.38973872385057
1128.4696696198164
1002.6084687998588
726.1803256897759
902.3770198392068
621.9789596675101
847.2670821176467
184.09738652688654
263.7078768036034
-16.644831855440327
274.9390560773953
550.2595883266977
464.21333846110247
1270.923502155122
1349.9087609611722
1316.863021656258
1150.821650092987
991.887820928746
1016.8988934262485
1018.9965485897119
1106.9694414328778
723.3529354687979
1043.7574271781407
929.9415204555131
606.021361009296
1032.0519899431583
918.4815407340072
827.2554526408367
942.4391921097761
995.6751841147993
717.1037811343399
763.9886884753689
1071.3258916567431
1051.8110178262161
1021.0964931768159
954.5471805076506
996.8987177430816
1026.4784404977438
886.4222660269003
995.784395250083
861.6663538406012
766.054354504259
721.6031731576073
614.9073979069702
601.1873780371657
481.4474345709338
331.51571076401535
483.45317568899907
909.5442629239388
720.3402525939932
718.0833787279305
701.6423334847583
425.7964346626894
594.9853789056997
442.43380852949883
557.2781691150127
383.92027655725536
505.9706710091476
985.7111563734619
848.921768311738
1345.5642872092435
1354.2974936282149
1158.5182554043527
1310.4905977943165
459.59207684870086
407.36934239437034
430.2576168200199
363.64204788926867
365.82834910995024
398.0004096864002
331.29863107653193
298.2882113611305
316.5293458706486
336.4457014072849
306.87987422601844
301.2044116134552
286.15794493532616
287.92319709524946
-14.788004539251162
62.55021753435771
14.362935443699252
14.465862199222702
55.40084086408196
86.94530626699543
52.25741857974492
98.39163174578454
57.60736616733548
6.133284394404163
20.731680301820862
1060.0359578115747
771.8632651376415
562.6211012117043
-31.47024290341481
-51.80954884264986
-95.24309745627306
-131.9089675023849
-180.00590724681103
-229.43130084126696
-910.7171330712149
-1015.5937687207279
-896.7793232225958
-821.0441484184208
-376.8376794277193
-332.7352165171971
-446.16231788973823
-468.5592182563319
-563.3661658588604
-597.0797032772429
-681.9310842985275
-798.7291588797567
-1017.8138313585366
-1109.8264319309708
-1070.2154440344698
-1188.7477138254972
-231.15318933292028
36.88259539067894
-181.96491513668482
-450.2982819355846
-391.2387795198909
-613.516272322287
-411.4006170117518
-635.4401322381085
-803.6514899050136
-747.4639460038826
-969.6134082882262
-932.5987382896343
-1083.146381479729
-1169.3396499080095
-1254.4259656162105
-1189.2698925812754
-1298.0839889496688
-1253.161431971755
-1325.2435193260442
-1227.6726320560863
-1323.3654929837166
-1247.4380740978424
-1308.9575400181523
1017.0355757546631
1135.5608790492724
756.8242567923671
-1190.5233087824836
-1021.7102355302866
-1144.4093530606183
-1253.5973152482318
899.4345283808676
-1176.974907706155
-1018.5412608184394
-868.0574628095732
-1121.3373319028267
-1036.0883572520718
-44.83848161415174
-74.09872973543922
-169.57960762513807
-121.66559625558763
-112.86113830849978
-99.4794408469646
-136.21002230415428
-84.8007477203991
-132.33918530225841
-69.48111271030906
-93.04135559722813
-189.63123450247588
-121.6116047199052
-156.22470295569107
-118.67794356119946
-125.26538956035836
-54.780642001883216
-264.31574796232866
-175.17704225252825
-126.29310728440147
-126.16634861435712
-185.6280833251411
-109.45631841525761
-181.9991000907223
-160.24402681919233
-172.8539168605768
-56.656308286346935
-54.611751177692966
-200.17889660315632
-74.69073033895064
-178.8110140567144
-123.4252369388378
-173.65150270686794
272.5950416179118
276.1521383331415
166.7981489108196
223.98402001091182
131.59286736574884
186.26596244139748
94.94934074605139
128.06987942047755
173.94609213213622
47.52810998656262
192.38399957496878
22.7901283939503
-32.401943157787066
-42.130526759636
38.491636785836135
184.3140637946375
124.40710420484133
91.30579999865496
75.78477194666512
13.246243678958368
-49.65537122566891
98.35546875046454
270.59540968949995
259.6595681811014
232.1761568747213
259.7556842762354
-100.57868117937618
-105.15813395094794
-89.08105665371181
-86.33016456612378
-103.38049389351842
-77.31792288671069
-89.78446619929518
-1.118556770064007
-25.034522551860512
-76.12482434863021
3.5349685307100827
-70.02124916157346
-212.207308812906
-152.32100584417947
-119.10598666918327
-147.65462509780664
-117.98655920913798
-125.2304885762801
-108.37595726896805
-111.59621140428025
-114.11733167107927
253.78185684743477
217.88989523298764
170.327829490645
147.7317678986653
285.8540038347283
282.36343893641106
26.886728355237675
20.81237399964707
93.99026285760753
205.1545376066445
275.6858218330381
298.9292737360388
213.28826795914637
273.9576050819375
233.22169944707326
129.3382017917685
-71.81279630688547
-68.54575552523707
-586.2685335362502
-801.9858899202513
127.30543821745134
-122.67121853813808
-136.98504252685953
605.6484727763657
207.10623252524655
-322.6293866881836
502.0516427425475
804.742885173604
1030.8652376142159
621.7179056774534
470.0601091854889
220.23176013267383
76.52495171381585
711.6956459427005
321.60993855757255
294.87355243271315
-14.596243836885568
40.2767911592283
122.63869136740695
29.336868736778367
96.53913248199858
-141.53428715831754
-31.02851559049766
-114.07160965013266
158.9870913321025
278.6059701262233
-546.6677291724578
-437.56817099347126
-688.2932079519711
-635.2033226814071
-1102.3602062212622
-1139.957587151145
-1066.417406460525
-1071.3037790421863
-748.5315943230165
-816.7931679678619
-929.0296793118581
-972.8505422481752
-820.5882871597706
-671.6309108398257
-499.87323169725767
-176.96195692591434
-346.8265931967026
-935.9354170178011
-987.424117089587
-845.1901930969813
-663.8215729949293
-727.9466511164107
-617.0320018941619
506.39533601734274
425.9650694677145
199.8024306003926
109.17282451055023
-204.4317806941875
-495.49373456852027
138.60512491070287
-680.9100602250246
-611.4237720030671
-527.2255606445631
-437.6941669363343
-178.26047472185243
-303.1986926613986
26.845734380064584
-117.60049844791406
-556.405739854379
-960.3488199022555
-845.2763845055633
-774.9753307299904
-731.828304180179
-121.07363467590586
-155.33144939742496
-211.94570551092878
-204.48028803396713
-172.32469014567144
-97.27893296879873
-185.75196372761866
-255.45785177245543
-327.8227032828194
-200.99565162199588
-206.7531864379714
-106.92634298677682
-152.7393746060985
-196.1612359970323
-560.9445725011923
-531.9332342052081
-384.22680905442286
-158.11536394509707
-139.30703976955223
-185.74045844143572
-180.79981111837446
-202.7621705256344
-190.22983105575864
-176.46458973297618
-575.1337501851764
-421.47506546418225
257.6809491743414
274.2319468319764
232.16207409865063
254.52401082928588
201.54556289346647
153.5778376991102
227.61664593783757
163.38930837698138
210.2917264554174
47.981177861083616
-60.81540885077991
-62.459953240715244
32.092652034151094
16.788724783991647
122.76423376851754
62.876375991424275
107.53622169734751
275.86763398432873
169.81689971199424
88.25749355985235
-86.06413927276803
-54.95299634014738
-46.05285409604164
-67.30321914496444
-88.14202352314408
-98.69933744365703
-65.16325120140966
-19.699441195590737
-51.71831529842522
-94.58996930796947
40.621376859814184
-83.69307817243718
-30.094215427885842
-35.15933987606613
-127.51292883965577
-157.4150449257763
-154.56161683776597
-122.77973314460382
-95.62905013875849
-73.99004291283644
-119.98672746218665
-234.2949550155927
-380.62489690312617
-124.41636206737326
-358.8642732567616
-296.34620296652537
23.382766128774474
-13.37202384964935
139.3434220907572
201.69080089683519
-59.22909245877844
-173.1024644489602
-79.56676491723789
-158.12412286009263
-71.70851278323369
39.68938325744935
-416.02183712220807
-427.3742571746596
-171.95989859822734
-260.6266363277772
-293.61878414295376
-208.1199357085861
-181.12415145041888
-214.6560647409976
-294.16031715660284
-80.21736406087253
-136.85485422853972
-173.3609764921775
-168.46618747621812
-280.722413061814
-288.4414846823035
-192.72080497018706
-146.13352343521817
-113.7152712694447
-36.47138037643669
-43.29811933068934
221.15010683013227
282.48605662386547
78.52358533481188
257.8391745683022
236.82380596272046
179.47970490689553
286.9891412705334
292.95328636807744
270.75372548621846
292.14504754592417
-13.41183842832917
4.373940693633956
219.85146637276384
15.803910693176473
-44.780995774978486
49.07180156443715
96.03378221807326
77.65832618722031
132.29176926932374
264.17832503528666
202.38520801122482
58.434223888634456
20.02751023159143
157.60906549149237
140.96734819868323
84.45714360282949
-175.73153799528114
-136.0999574625082
-252.99799213671176
-12.545415914075894
66.09892485597238
200.03941636889974
120.67825321816436
